8483
18343
5390
6211
6034
5225
10906
8613
12218
6524
6903
7324
15480
20163
7126
9393
5387
5701
9170
7018
5036
9692
5318
5918
6666
5206
7285
9673
8166
29907
6635
20279
6478
6202
7557
5996
5223
7652
5597
5045
6472
8553
5643
7157
22574
5032
9035
21338
20891
5657
5056
6443
5716
9239
8552
5624
27616
6162
5122
22738
5849
16175
5247
5054
7752
9551
5395
5513
7691
6475
5355
45419
6634
12873
5023
5366
7903
19635
20076
6927
14165
15547
7453
5002
5519
6940
11656
61145
6062
9249
7186
6062
7614
6591
17335
6619
5609
6934
19113
8774
35808
8793
8968
32751
6931
6490
5606
5513
5766
5753
5334
6577
6533
26116
9166
7558
14072
16480
8126
5439
5249
7955
6748
19373
6724
7381
5917
14663
8862
5269
5498
6310
16347
7205
6669
5753
13636
7786
5992
6491
5591
5409
6169
5665
5126
12312
13944
5760
5942
7428
5479
13898
7582
7104
12783
5407
6309
7677
5161
8554
5423
6140
5860
5626
7612
5701
5132
5170
6097
5225
9500
6161
9577
6957
5381
5486
6268
6701
24794
5643
19412
8819
13127
5037
8699
5426
5529
5646
13201
7101
5807
7782
12140
7172
7282
6029
5263
10186
6526
7661
6746
5822
7225
9241
5554
5757
6676
5429
6677
10053
12815
6927
5854
5002
5173
12140
5436
7098
14517
20415
5155
8204
6550
7036
8542
6598
10591
7691
9579
5897
5450
7286
6934
7036
6379
7083
5971
8041
5069
6174
6531
8054
5675
10881
26758
5818
5216
6828
9791
5351
14733
5076
12688
7010
8586
10787
8203
12376
8149
8515
15336
6430
7188
6764
6406
5606
7321
29614
7187
6074
15297
7511
23605
9049
12290
5512
25176
6274
5512
5958
5057
18712
5288
7569
12259
8772
10068
18491
5365
9881
6960
5750
22056
5188
5331
7188
5775
5087
18573
5006
9466
5029
5025
8036
5481
7105
7502
17811
7859
6553
6328
8592
5157
6066
5400
8035
5182
6743
7837
7950
6341
5910
7910
14271
8982
6952
26637
6248
5892
5386
5325
6511
13640
21521
19250
6303
6871
14161
16505
5316
6445
11667
7655
7683
15097
5502
5371
5527
10598
42770
5790
17637
14769
7133
8166
20309
16842
23255
6112
5039
5059
11329
7041
21472
6458
36048
5580
16217
7473
5708
15051
8261
5258
5834
6644
15555
6100
14858
9183
7238
26437
7287
8623
9521
8568
5495
12198
20767
7271
5441
11318
7528
6556
5168
11338
5207
5879
5873
6783
7859
7603
7656
16313
7983
9873
7512
21147
8022
16795
12935
5284
8686
7379
6219
6549
12323
9002
7105
5029
5751
5015
5745
6689
34711
20735
5587
5289
5199
45797
10054
8502
8429
9280
5573
5321
17160
22080
9185
5624
6195
5506
6151
5006
6992
5470
15183
15651
6186
5612
5272
14180
8038
7062
14200
15083
10628
5914
5154
8554
5523
10635
7252
5162
5532
11806
5021
9529
6260
11630
14416
13987
9857
9645
7108
5303
8099
21735
5771
7372
8679
6061
7849
6342
5379
7566
5810
17002
6092
6216
8867
5806
9831
11904
10729
13221
5840
8481
5644
32744
11901
8564
7594
8724
10935
5409
5940
14257
10973
7232
50619
5664
15368
9002
5018
5032
8823
8933
16246
10746
12073
5428
12152
6953
20272
7373
5136
7096
6229
36022
11397
5591
6422
6214
5031
5049
5321
6550
10763
12022
7590
17353
8048
11188
11914
9242
23517
11010
7013
6874
6203
8982
5967
6130
5647
5434
15347
6705
5201
5356
30697
5828
11404
6265
6367
5768
6301
5172
19986
13678
5670
18578
25779
26460
17384
42422
5075
5185
12955
8627
12695
6271
6511
9339
8163
6004
13407
9807
5660
8539
5922
5895
5954
6253
14785
33897
13137
13656
5859
10792
6853
15667
25739
18364
9262
15937
8263
7485
10809
7458
5374
9676
13153
9222
11885
22344
5402
7349
17479
6838
14099
5353
5959
8331
6432
7384
7931
7021
6199
14573
26362
6642
19373
5512
8075
13613
5410
5689
20411
12777
5569
6753
9060
5012
5702
5247
18879
7318
25621
41054
6884
5126
5568
6662
6966
9187
11743
8857
17754
9723
5122
6680
44937
15940
7663
15622
7984
30162
22753
7308
15012
6038
8693
13143
8655
7078
5250
36526
5501
5356
7660
5934
9972
10161
10567
9615
5540
8776
9642
5139
15709
5325
9114
7900
7002
5273
12399
6470
6763
7835
7384
10606
8033
7600
9354
6419
13767
6047
5704
17538
6893
19040
6897
24632
9463
8163
5232
6229
5542
6147
10537
8003
5353
5366
8428
5545
16573
8247
22766
35828
7273
5550
6931
5779
6025
8364
6655
8693
7212
6845
6183
5623
19777
6232
12863
15680
8895
7080
9629
8164
6255
5779
33400
7490
7637
6890
12612
8538
5274
14230
23660
16914
5997
18727
5042
6727
36674
13565
18530
12309
33159
5509
6160
6814
78774
34221
9876
8990
11377
15339
7992
11064
7956
6646
6445
5908
8328
7220
5245
9040
5594
7422
5568
6848
9004
6102
14936
15110
6037
5027
5225
7954
39556
7048
5266
19002
7443
14380
12241
37013
13500
6455
9770
9083
9767
5386
10093
6304
11025
8603
5055
5301
12674
5313
15403
11562
14003
6625
6740
14824
10568
5304
8169
8808
11582
7818
7901
6374
8241
6305
6132
17003
5152
10564
6926
7217
5001
6602
10784
5189
11028
6036
5621
22836
10613
5470
10785
5542
11041
6964
7359
6065
6497
7066
5346
5441
10503
8217
10155
31584
10730
9854
5705
20419
23765
13707
7660
5484
5656
5217
5221
5811
5617
5731
6708
7859
6398
5395
78774
7936
9907
5876
5096
5660
9141
5034
6428
8042
8736
6981
6800
7388
5170
5923
5299
5895
5324
6204
8998
7829
15140
13047
5221
9660
6126
8082
5699
10883
6091
8924
5137
7449
15055
8736
11008
7474
11822
6125
16323
13037
7213
5751
25491
5453
28158
10359
38430
7235
10910
7600
19103
18971
5645
6592
6315
5105
5033
8047
7041
11779
8664
12595
6447
6867
10157
5382
5702
9742
5970
13073
11948
13429
22748
6768
10809
11784
16721
7611
6649
24048
7634
10390
6430
11535
5384
10823
16208
6131
6105
6162
5513
12494
5186
15891
6909
6521
11502
5778
10786
7892
5265
11694
6238
6807
11582
10445
6523
5289
6748
44474
6333
9413
7706
10936
6416
6411
6576
10099
8347
5987
5682
10901
5197
12826
14161
14211
6999
6389
5842
6984
7587
8190
5720
6365
6298
9021
5719
11873
10092
11214
5020
8222
11199
5500
7308
7316
14019
5199
9210
6563
5107
7201
5380
6381
7172
5442
6613
5990
17438
5496
6153
5589
10530
6223
7775
5135
13303
15299
5133
7473
7100
16760
6514
16634
6847
10094
11618
37622
5395
7264
8469
5430
16741
6362
34694
7708
9156
5311
13737
7620
9136
37325
7493
9441
7911
8398
8795
22235
7039
38511
33159
12601
5079
5838
7515
14509
6276
7373
14531
6008
5999
6352
25150
5554
5753
8652
6228
12397
7533
9359
9393
9985
6134
13885
11461
9066
5170
26864
9129
8636
6041
8830
5261
9010
7643
9884
5474
13160
13587
7413
35813
6602
14562
11741
8286
5241
7473
33262
7170
9066
15961
5269
13644
9942
7279
5409
6037
13510
5789
5255
5298
5172
7218
8739
18996
7602
7220
6438
7955
5874
8476
16160
5930
7800
6538
5071
17202
5102
9446
7743
19994
6458
6017
16352
11540
7970
5728
5129
9507
17276
20727
6881
8634
6750
5300
6764
5813
6046
10149
5653
7147
9816
18977
7668
11883
6833
5458
7141
9684
11765
7992
6839
9266
7461
19544
5973
9877
9004
6268
7904
9331
7830
6765
8988
16483
5439
15029
7495
13486
7090
5087
12165
12789
7132
7630
31081
5540
6298
18630
10705
6507
16322
7637
5963
6131
24352
5026
9218
5291
5194
5555
9649
8636
19086
5598
16982
5477
5220
7752
10957
18690
6403
20986
11093
7630
11126
10728
21908
18909
6109
7295
10708
8038
5413
5137
9739
8058
10911
5062
14110
13336
8428
9017
6429
7250
10977
10846
8995
7093
7970
5627
9769
17199
7054
7531
7001
27606
5705
6457
12838
6141
12412
6089
17737
5590
22176
8173
9000
22612
6698
9020
17302
14253
5456
12332
9962
14499
8906
5211
6591
20854
7596
7051
17967
15236
6308
6056
5532
5133
39169
7434
5939
18704
14422
5991
11147
7175
5194
24775
14428
22721
5302
18855
5161
5731
9895
7244
24306
8117
5156
20020
22248
7448
6466
5989
5366
9013
6796
15331
7448
8114
6720
22393
5351
9293
5450
7437
10223
5110
17025
6946
5733
6716
6234
7285
5703
5144
5063
10762
27710
6315
6002
6674
5639
5968
63469
7388
6887
5773
8938
10585
6564
5738
13354
7289
5503
6177
5911
9738
8348
11217
7055
25242
6820
45797
5726
29370
7228
30179
9875
7674
6440
6372
34221
5142
8991
8220
7267
17086
8526
5194
9737
6539
6054
8552
9056
5838
6267
12294
13151
9419
12417
5750
43941
6600
6277
12971
6887
7372
5871
6353
20758
5363
5777
15788
6103
5405
5467
17037
10388
62558
6516
5686
6388
20561
8337
11140
10388
9279
5277
7095
7081
16592
5672
7985
30748
9377
20878
21793
6688
21903
5281
5952
20795
10646
6158
7639
22903
10837
19752
15877
9969
26448
8993
9549
6649
6279
6047
9713
6325
21488
5577
14066
10659
71130
6065
10309
10645
5175
6639
11841
10375
14521
5121
9506
16781
5579
7588
11494
14761
8272
11225
5943
5018
17840
6104
32786
10031
5868
8689
8566
16805
10396
5234
6646
5252
5632
5166
7219
5600
61302
5082
7482
6913
6879
6618
6756
13387
13005
12845
5572
13935
8061
5111
9931
17046
19321
9618
30174
12578
5070
35680
8436
14119
8144
10748
78774
6674
6535
14519
6491
14434
7476
5020
5201
8036
5008
6040
14070
5976
31164
7889
8137
7447
5350
6963
33856
7993
5590
11893
7893
12019
5643
11150
8375
8879
5527
5231
21538
17734
5359
6625
11162
6510
5189
7250
5968
13509
5500
23187
7977
7520
36241
6297
21045
10525
5565
5498
13599
7030
5500
5716
8900
7493
6715
12094
6195
7468
5830
5236
13961
12201
15274
7722
7533
5274
8166
31092
21805
7345
9266
6739
8521
5294
16657
8849
8251
23965
14375
34239
9618
6777
15386
9150
10170
6410
6890
7182
5397
10580
5306
11857
6039
5407
11948
8760
7141
19674
5164
6591
7403
6198
10570
7104
5375
8222
5100
7782
5137
9254
12406
5583
10787
17076
18524
5299
8125
6146
5552
5293
9173
11685
7266
6979
8195
6763
5600
19395
7218
9406
12909
5126
5978
5752
5431
7919
26094
8668
8793
22788
12975
5667
17818
5423
5827
6267
8915
8020
9794
11691
7617
11642
10241
5604
11820
8488
6917
5980
18505
5226
9950
7617
10799
18627
12048
29370
11370
5447
6771
15446
7520
34328
7824
5277
14931
9989
14803
7241
5363
8090
5206
8427
7183
18203
10561
17750
9033
5447
5646
11647
13740
12054
6466
22801
5050
5672
9084
5779
5153
13073
8709
5600
21831
9785
8089
6004
6748
10326
78774
6711
9699
5048
7497
8343
8938
18233
6507
5774
11186
9412
17117
5461
7302
6877
9437
6932
5097
12195
5143
12221
6121
5129
7516
6381
28428
6310
9419
7044
12453
7606
16516
8353
6707
16639
5894
5418
5327
14182
5998
6397
35767
9634
20062
8891
10743
5649
24823
13024
5869
34700
9808
15050
7452
8157
6983
7846
7689
7080
7788
15243
6494
10725
23913
5878
17235
18778
5545
7442
7614
29143
7544
5638
11722
11378
5965
6291
14048
5118
6305
7163
5224
7868
16669
7241
22224
9875
5407
17410
7970
7719
6249
39819
5753
7102
8384
16360
22119
6471
22319
7289
5522
5504
5543
7005
6895
6538
12611
9097
7566
83846
7349
5462
22548
9388
5872
7430
6535
15401
15996
5549
5778
12060
20050
10308
5616
9952
11607
9828
12579
5634
17934
9906
5685
5056
9719
6219
21730
5468
9204
8693
5228
6198
5513
5014
6056
6575
19216
6724
23403
7784
10987
20875
5484
8572
5596
5623
5217
5216
35870
6139
51985
6224
8859
5882
6034
10038
52513
7879
7738
5487
5717
12650
6230
9723
13924
7638
5312
5773
6199
21392
5600
14593
6083
8831
7104
14923
5905
7277
42266
22067
6478
5169
5972
8905
12174
5679
6590
25247
5260
6171
5543
5088
5392
5567
9126
8076
9025
7884
6252
6600
15869
39761
6860
5453
10200
5242
5377
11096
6583
45797
11245
13257
63469
6609
9245
12278
7604
17225
7911
6478
10372
5329
7672
5336
7840
6643
12241
7605
8047
16014
5899
11607
7543
10931
9300
12452
29044
5454
7286
5186
18489
12955
6351
5608
38724
6006
8725
31507
6040
9158
6086
8672
12691
13758
6324
6138
10070
5239
8528
38097
8216
6338
12264
5230
11692
44261
9669
5687
8419
7014
15108
7657
9632
11102
11768
8610
5314
7324
11717
5724
8827
5520
23047
12866
14476
8488
7360
5184
5455
9821
5136
7319
6013
11541
13276
5546
16901
11569
13069
6040
5714
8280
5635
5514
20302
6264
5274
5649
5919
10111
17135
12374
9060
19341
11752
14170
18906
5565
6575
5609
6451
7016
5672
7309
11460
9292
32319
13482
9008
8319
7506
5111
6936
7922
8995
6258
7115
9053
6086
6782
6863
5981
8124
8503
7941
5209
12689
8785
5786
94294
7676
5553
38034
8212
12903
34212
10171
13584
23667
5718
5935
8763
6052
7264
5787
5400
18330
6674
5041
5819
11456
6587
15976
93734
20417
8071
24580
6543
6299
14447
29620
18441
12330
19389
7360
6077
6965
15508
5102
11323
5493
16779
7017
5378
6786
22278
9054
10324
6440
7970
9315
31080
5893
5649
12146
6626
5962
7685
8856
5712
5997
15333
69789
5264
7860
8751
8074
7342
6337
9374
7223
5513
7385
5392
6015
5859
34647
6659
9907
5218
16729
7712
7542
6981
7236
7508
5459
6075
6749
7575
5895
5380
54575
5489
8134
15170
29347
37863
13839
6750
5921
7258
8933
5261
6665
23513
18407
25194
5809
5304
8335
7782
6575
8072
8351
6278
6839
5184
17181
13433
11370
8400
5180
9020
9068
5043
27215
6838
5758
19669
7749
5501
6772
5186
5997
63469
6393
33739
33507
5040
60514
17865
7965
20425
6850
6216
45797
6715
5796
33262
9312
5209
14960
8925
33159
12091
5063
9920
5567
7099
29751
13451
5103
6111
14292
5329
12239
5180
45778
6476
14883
5162
6655
6201
8069
5314
6575
7974
13309
8839
5108
9338
19104
5210
9754
9856
6243
8321
5658
6873
10526
16192
5229
6525
6265
11116
5879
9996
13535
9904
10713
5525
5225
8590
5642
5004
8844
6327
15247
5978
11704
5353
5445
5348
5342
11587
8498
12021
16939
21674
6782
17492
45630
16813
5832
13286
15205
8176
7059
6186
5971
6338
9243
7530
8874
5584
22655
11472
5361
5315
12058
6405
10521
11389
6574
13822
5390
9710
8149
11311
7873
6177
5821
9626
5864
7070
14357
10728
5491
21464
5514
5524
12802
17553
7602
22383
16923
6311
8727
7743
6011
5574
13392
10613
14784
8662
7153
6635
6389
6653
12928
12311
10667
11319
6002
7499
38534
5364
5976
11002
5294
5602
7926
7579
7355
6613
6783
5340
8237
10740
6103
18762
5036
13374
16386
10545
18028
6189
8361
9108
21609
8257
5214
10550
8267
5504
11859
5201
5422
15804
6111
13753
7643
5338
11741
12444
31663
9404
6804
37690
33262
19489
10577
67148
15982
6702
7047
5775
12684
67320
6135
5844
6405
9772
40330
6419
7784
7517
6561
32025
8432
5494
7552
6021
5681
5003
9404
11093
9338
12308
5462
5471
5739
12332
5822
16802
25745
5411
11694
5092
9633
25016
8385
32528
7352
7157
5165
9781
21075
20831
16151
11831
6043
19177
12666
5405
5168
5584
8676
13578
6353
9626
9703
25407
12674
8308
5314
5225
9159
7244
6569
15845
12683
5371
9930
5724
5033
13505
13733
10215
6621
12990
5808
5710
9079
7978
5731
5907
8046
7191
29618
6697
9486
5980
6749
9956
8784
8020
6300
13063
9969
6766
5121
6378
7114
25502
6491
5135
16101
19687
5741
11659
11349
6394
6889
5173
6160
9127
9707
10201
7464
5381
7477
8710
6696
9728
5850
21408
14296
13722
16676
5563
7894
9212
14716
17659
6448
7278
17777
10671
11436
12881
40171
33159
6576
10948
7042
6296
5762
17441
11940
7224
13418
5893
7563
15503
28542
10654
20310
5386
5077
6974
5007
13551
6585
5513
6351
7175
18771
5027
5231
6196
5757
5736
5573
6831
10580
8026
5171
12398
6615
7247
38049
11281
22350
11992
41531
5670
5160
7868
24846
39840
9733
5613
7978
9058
7001
23404
5248
9930
7403
11750
20146
9159
7082
19166
13955
30803
8094
6332
8572
8059
8094
15454
21586
11703
6130
5420
6321
6287
8555
7405
6279
8324
6155
6152
5960
53204
5699
5530
15202
6186
7959
6369
60523
5997
9359
15028
7576
15788
6446
8210
6775
6504
11096
5190
6217
5112
5500
11752
7382
9283
10385
5909
10266
5578
8806
18505
5236
6761
17902
20545
10592
6711
36630
14246
8379
5155
8581
8191
6121
18048
5598
6564
8228
5516
7008
6941
5932
5557
5029
9434
14902
21497
8888
5799
6788
38830
33147
9557
11323
13050
6236
8993
9459
6094
5356
9163
13281
7753
6726
5334
5687
28458
8044
11080
36760
11367
10833
14628
9337
21911
10172
32603
16524
14225
22427
6296
6649
10524
9184
6236
8866
5616
6713
12431
8547
8176
37448
25216
8060
11120
37877
6719
5144
32652
5212
27067
30549
5725
6373
23091
5828
7266
6238
5660
7464
10052
7008
11536
7227
26728
12427
9034
5540
7141
6723
6694
8261
21890
6114
28488
5558
11126
11483
9446
33915
15820
5647
6402
6039
17158
11526
5686
10720
6983
24564
8082
10773
8004
6289
5784
28644
11154
6467
7364
9940
9776
28557
5920
6553
15036
6066
5594
5035
5731
21598
46585
5559
5847
16044
14859
5622
7425
10775
11521
18701
14789
7809
5211
5853
5091
21989
22606
5845
6531
9053
5048
9319
5486
23144
12501
6428
5529
5114
9374
6321
7475
11676
11970
11030
7721
6714
9190
6732
7134
5471
6107
6881
5583
6589
7643
5055
6477
6485
5636
15383
5550
5130
5410
5638
7944
11029
5794
13134
5365
8326
5301
9277
5858
5629
6590
5653
8281
5655
5742
7022
14497
7435
9970
6064
12247
10894
9557
34429
5444
9845
5189
5456
6767
5657
5818
5349
7172
5752
10680
11981
12435
7816
5965
12844
21630
5400
6566
7585
5703
6709
15287
11703
7112
11755
9924
5374
7253
5265
5876
5841
11207
36518
26825
12406
31933
7386
5609
5263
5809
5702
7096
7507
10791
5436
20943
12301
21743
21840
5178
5140
5254
5448
13994
5820
6342
22967
8369
5433
6183
5754
5836
15172
10994
22584
6636
8057
7453
6647
5222
14511
8214
10491
10270
5082
6494
17963
28324
7726
11743
5735
11268
5531
6274
6872
12586
9044
6933
5473
26542
29562
7131
9311
6470
6811
34087
12730
8992
5089
6187
29432
21043
5099
5546
8084
11180
7454
10194
6443
6059
17434
6483
6895
12179
12415
7896
7371
7606
6617
8609
6750
5002
8267
13007
11585
9605
19043
16379
8952
13400
9069
5560
16665
8819
8730
5182
5162
23773
5522
12575
6236
19548
10298
5649
5493
7445
5741
23763
17561
5346
7028
5171
40236
7634
12727
5150
8436
23719
9884
7747
11887
7883
6958
6381
9494
5224
8633
5653
7870
14324
7924
34749
6742
9525
9139
8482
5260
15917
6724
5703
11367
11631
8103
7589
9741
10253
11788
9202
6463
6829
6479
14900
6065
14312
5014
90863
5190
9809
6944
9146
5282
5301
5114
5746
5693
7609
5558
9978
5854
8297
6736
6424
15920
16874
11051
7732
6253
5115
15890
7936
7651
5053
6194
8791
8151
5658
6462
5169
5016
6311
14116
27779
6680
7263
23887
6756
29647
11513
5363
11734
11073
5487
23405
5775
6337
6420
5331
8728
7452
5795
75412
5881
15320
8022
11914
9713
11248
6261
5317
21579
6371
6213
11555
63725
8408
5484
11399
5432
7839
6240
5089
126885
9969
5086
30822
18767
11850
6628
8097
48184
10134
5156
7178
6458
61166
11206
6271
9587
7262
8952
7013
7273
8787
6458
5900
5956
147757
11438
6250
12526
48382
5444
8454
6914
12419
7161
17578
5587
9081
5229
70981
25292
21615
8484
5096
5216
5211
5489
14564
17819
6353
5931
6036
15584
7973
9091
5024
11192
5626
5131
8261
20728
5253
8738
10952
5464
9212
5015
5211
6801
10135
5299
5876
12211
21675
5671
7343
10048
6202
9207
7625
6836
8847
10030
7787
20021
6773
5918
5146
7036
12808
7749
5177
5487
5787
5990
5712
5499
7720
10844
5922
6373
7834
15265
11526
6024
6077
22849
7046
9239
7345
8202
5616
8142
5587
6807
6512
8563
5280
6252
11685
5530
5424
8362
5069
5063
10342
6137
14620
6842
30105
5662
5570
8260
5771
5385
12118
8485
6777
6818
5138
5621
6499
6611
12064
9330
7025
14199
14144
6483
5311
5271
5462
5058
5591
5391
28205
6460
11358
8533
8834
8647
6407
6298
5785
6440
5102
17165
7236
23203
7624
42275
11838
10700
6704
5134
19156
5089
11642
6844
9444
11932
7560
7305
5161
6010
6025
6695
5376
9360
7335
6014
5535
5165
6693
11597
8395
14160
6333
7395
8918
6786
44288
5163
14169
7119
5304
25201
13047
6601
6309
7460
7630
8032
6724
9388
7218
5918
9424
5936
5193
8049
14700
10564
8722
5137
8324
5389
11668
9522
8145
12547
5411
9763
8267
7305
5480
5263
14617
5297
6550
23416
6725
11545
12286
12389
6034
5014
10315
5686
7130
6655
13785
6612
6894
7887
6413
17933
7527
5405
5395
5373
19694
7977
6072
11033
22853
29060
10986
8337
13324
12125
5289
6930
8376
10870
10835
5658
5941
8033
7508
10824
13549
8351
9155
11158
5969
11266
9200
8842
5585
5997
6442
6228
6215
11244
5223
7712
7507
5516
8327
6381
7688
6712
8417
8344
13884
19631
7012
31437
5688
7593
5067
5379
19761
7236
6257
5059
7801
7784
6870
5795
6046
6163
7751
11657
7981
11432
7008
10288
5801
13880
8562
5131
8778
7178
5292
9177
44209
10949
5461
5237
5362
5801
7213
30430
5628
16333
5552
5323
7031
9318
5764
5460
5297
11513
5233
6474
12251
5083
11644
5109
6427
5603
6122
6816
5430
5443
5016
6491
42147
7631
5527
10360
6575
14846
7011
13654
5757
5534
14356
12567
5810
7050
6172
5869
16331
9276
5250
7004
6796
9035
10712
7673
19206
11007
13618
6827
15089
5804
5754
12592
5147
30178
5660
6412
6115
13173
6974
5222
7475
5142
12439
9936
11316
9238
7622
5340
13123
7952
8242
5042
6186
8461
5535
7093
8401
6969
10737
10816
19815
7743
6201
5567
5352
6841
8736
7709
23377
5468
7402
6593
5457
8650
5224
11404
13492
5282
5070
9216
10309
6687
5384
5023
7295
5525
10353
7679
6486
31439
5388
6994
5204
11711
5330
6054
11299
18497
6161
8455
5724
6663
6186
10324
5484
10630
7219
9792
13093
6724
6072
10735
10408
23596
9404
13621
12807
19368
8201
8738
8800
19732
5385
7648
7715
10993
5392
9459
8770
6604
8693
14872
6024
7349
14361
10575
10655
22845
5217
6060
7939
27555
5531
7977
15332
10920
9855
10921
23732
7177
9013
5540
5106
5268
18871
11176
5501
6781
12356
6580
5614
13438
9849
5915
5412
6658
5753
13855
7858
7796
5984
11141
6392
7593
5571
12786
5314
15139
5913
19050
12768
6957
13263
5945
5209
6040
5541
5544
8816
8777
5433
20197
5715
59923
8837
12954
5541
6689
5396
12804
5002
5372
5155
5368
9440
9901
5201
14379
6581
5070
8599
6903
6098
7844
6324
5557
5434
15691
13930
12621
7318
9826
12303
13819
8145
9929
8782
6757
5778
7090
7719
33748
8387
13108
22799
5932
9047
6868
6450
12353
6793
5392
5309
7518
32951
24783
5290
5735
5126
5406
9369
10224
8909
15866
11294
6117
8727
5893
5322
11370
8979
6364
12974
10149
25065
5110
8208
5206
7621
6801
5411
7109
12417
58813
6609
15180
5532
6739
12689
6350
27717
6883
10558
10239
7364
18913
6179
8758
5086
5787
7815
5304
6447
5927
13068
6876
5254
8034
12005
8181
7387
10593
7102
5056
8006
8149
7900
6380
5116
13770
6398
7110
14844
10855
5527
5847
9538
10812
10510
8723
11442
9045
12800
18663
5741
11568
12344
20238
8560
5686
11363
5134
22687
5218
14387
7866
6834
5521
7990
5433
7361
6221
8250
7205
15145
8796
7504
5815
7017
45771
5664
5269
6556
7299
5984
12126
5374
14949
5815
5488
68895
27020
6663
6244
15400
5785
6032
6708
7695
5408
22729
15389
11617
16066
8225
5322
6984
11365
8581
13854
11518
7387
5685
8191
11185
6776
8544
9835
6241
13998
8183
5262
8324
8671
5246
6631
20162
6694
5332
5664
8907
15570
5709
5385
5651
5533
6236
5341
7533
10163
8427
12227
10578
8163
5806
5978
9054
22121
10359
13670
11355
7002
8846
23767
6728
7021
12249
5566
5071
42275
6173
6366
91388
5979
40008
27266
12258
10565
40942
33711
6234
5070
25022
6484
8601
7183
11000
5082
5098
7313
9205
9348
9204
5909
5108
9295
7108
8910
46270
10538
23312
9193
5192
7431
9783
6905
16623
24857
5844
33310
5635
10214
5431
7514
5356
5348
9487
5513
17835
10750
5082
7849
6405
8836
10534
16966
8934
8268
5170
6600
5332
8451
8207
5311
5759
10813
11875
7592
8290
5399
5636
18220
10081
10757
9790
6298
8760
5534
9820
6389
6789
5521
6246
13392
9172
5324
5807
10928
12878
9025
5349
14248
5823
5450
13304
5972
5578
25919
5863
5893
5907
8061
6022
9734
36654
5579
16114
19611
5865
10055
5543
20623
10335
5742
37441
5283
7355
11835
5073
12230
8921
5070
6742
5787
6519
9724
20527
5666
5095
5269
10597
5390
6116
6140
5031
25281
6324
35021
7985
6581
12424
7743
5552
7914
10987
7137
11350
5489
15068
7801
12154
5276
9580
9812
9366
14785
6028
9997
5787
9955
5779
17451
10056
6938
9003
7112
15161
18145
6741
5400
7943
5328
9472
6817
5635
12020
12872
12835
9056
7492
5504
9711
6975
5177
9407
5008
6559
34597
5527
6912
6616
15810
5722
7219
11238
10960
30321
9624
10426
15570
5746
6482
28891
18970
5175
11988
9437
15215
9338
19575
5660
23042
12662
8510
6778
17079
5712
6974
8460
28793
6165
6836
9772
6800
7150
5100
10667
11137
7877
5914
14994
26035
7432
23950
6137
6817
5030
11639
24797
8877
6086
15023
8867
8800
12512
8143
5198
6017
18305
6073
6461
5594
5213
13429
9253
7094
8063
6081
6220
5465
8216
6832
5518
7182
6090
5860
5335
8145
11167
147757
17831
44559
6362
8859
12173
10928
5957
9667
7395
19298
5264
34922
6237
6061
6144
7553
10379
6021
7329
14652
9001
12029
5427
5786
6865
6436
10537
6744
17092
13224
11397
5522
20862
60377
5011
7261
6887
10888
40264
11868
11160
11181
6814
7320
6920
24281
6050
32765
9752
40084
20782
8911
7515
5030
12109
11642
25558
8297
7112
8552
8137
64817
10809
5731
21144
5958
11754
7711
6895
5441
5104
5113
5010
16660
7290
23561
21467
5160
12041
15551
7057
5166
6195
7239
9590
14553
5625
6212
16062
6812
5153
7563
44465
5195
5032
5228
6803
6672
14947
12495
7103
9677
8421
8854
5625
6692
5122
6339
9413
19735
5201
6311
9594
22363
6394
7581
7010
9702
6057
10380
16570
20079
5191
16417
7441
9697
15681
7847
15932
10780
9290
8654
7968
5889
9449
5505
11462
5262
161187
7850
6803
11317
8794
26894
7629
47699
7797
40343
14051
5926
6598
8218
10444
5516
10137
28052
10193
5437
10425
5677
10629
9710
6609
6349
5992
7289
6968
6448
5224
5451
10895
10411
5634
6616
5025
5130
6982
10055
6305
8318
7256
7148
7723
5556
15779
6119
9423
11339
8126
11091
8533
5323
7334
5797
10408
6266
33502
18716
11034
6012
5536
6178
6682
9027
12931
5645
16611
5501
5726
46805
15310
6496
8976
6376
9152
6271
10881
14245
32560
5802
12857
14063
6291
14529
6790
5406
95841
6583
5658
5269
28299
5356
7893
9204
6331
6761
12033
7264
5417
10071
10192
5388
5434
8320
26614
8744
6575
6453
10532
10982
6104
7599
23955
14531
5025
9568
5425
20488
12308
5734
22228
5659
21124
8652
9634
5372
9424
5969
8798
35062
20070
8374
8226
10069
5505
5039
52265
13219
8734
12885
15857
7376
10140
5157
8601
10982
5273
5998
6833
20429
33262
7750
5495
9877
11105
7799
9850
23254
7346
7864
44692
5405
8597
21414
5231
8962
9434
11252
6109
11019
35225
13585
11915
5097
5689
5208
17831
11120
10039
5675
7543
5114
6748
8427
9203
12933
8260
7875
5972
5070
6093
6533
30827
5289
5073
8794
7176
5258
10428
8890
18732
8233
10860
5440
7334
6488
15464
7359
5649
12641
11994
27113
8998
7913
5596
6866
10059
6786
5174
7707
7224
6657
5450
6239
6194
22869
27538
8210
5022
12512
11332
12399
8822
8225
5044
7985
6812
5469
5611
7193
6194
9594
5786
11321
6053
5593
6978
5037
78144
7594
17189
33932
22838
8360
6417
5208
5329
10558
19030
6422
5212
5132
5491
10519
5964
16933
5708
7291
7429
10720
5056
6075
7625
7784
18062
6557
5625
5587
6763
8906
6281
6149
22458
6305
6089
5355
10427
46537
5268
5208
14905
6037
6210
5187
9487
11756
6306
8728
5332
24549
5796
5953
5435
8496
5953
12394
6564
5879
7881
5456
37549
9953
30166
5928
5830
7193
7209
8298
9233
5119
8096
9968
10459
5849
23703
5509
6104
7276
5955
6403
10528
5696
5147
5574
15779
8618
12125
5534
7851
5896
7003
12046
24246
5029
10762
17056
8744
15726
10258
9319
9037
6190
23470
13626
7787
7186
9516
5986
10212
6662
14641
8175
6363
10488
6050
5007
16312
8975
11174
9584
14966
6136
40379
5364
18264
5914
5691
11488
5155
5722
14607
10241
5081
6076
11107
5238
5058
11750
43259
10852
6050
27714
13939
8081
5140
8958
6045
8332
6893
9095
5227
8275
41109
5589
8257
7112
5222
7836
5124
5358
6460
16066
17149
5271
8027
6867
6466
10516
17571
6092
11830
5806
6187
5307
6450
6409
6699
10385
8001
8951
7953
8039
5106
5790
6330
10736
9455
6007
5505
8963
6231
49195
6641
6733
15586
8967
8434
10744
9917
7440
8542
6411
7230
6710
13110
5367
16741
6250
7018
10327
8510
12181
23182
24662
7126
9919
9438
5510
15882
8692
41429
6292
70254
8021
11405
5002
7238
12218
11295
9020
8175
7943
6825
5604
29465
9690
5633
21924
7730
5530
15479
5106
6170
10513
6460
9199
7216
5984
5294
5192
6093
5109
23033
6114
10000
5009
17477
5458
7976
8321
17464
5267
8488
10317
7512
14818
26318
5763
17202
6222
5766
19338
5039
5821
7442
8688
15979
6738
12468
8517
10514
6382
40213
8918
6333
5965
5915
16994
6705
11869
14622
8063
10035
5288
5927
9510
9668
5125
27018
5874
15365
13324
5221
11574
5285
5865
5022
25593
7560
36587
14721
6237
18554
6148
5398
9285
6735
9775
22872
5764
7369
7372
10850
10050
11791
13918
5000
7760
5051
10549
9188
6252
5287
5952
13683
5276
8026
9558
5261
6900
5129
10197
8025
11087
8178
7303
19324
12082
13938
10375
5567
14406
7352
5324
6466
16460
22515
5705
15325
5110
5506
8736
10836
7856
43886
5106
11119
17831
6258
10640
5326
5906
15586
8415
11956
11600
5703
6514
5681
5126
7312
7628
7950
6065
7716
7791
24356
9248
9250
22640
6065
16195
13557
7208
18142
7222
13368
5212
21515
8631
10640
8218
9043
9128
7389
6689
7245
7196
6784
6952
5200
5200
45513
14306
6057
6260
5532
8400
6326
12567
11806
5502
11618
6143
10770
7464
27981
9557
16912
6056
18469
9315
8867
5226
12190
7417
17367
34915
8200
5896
9765
15246
5413
5027
6999
13980
10860
5915
5332
5113
5230
6453
6192
44692
15890
11000
33205
5036
8312
17143
11711
5861
7541
5738
13612
20781
8039
6313
6680
15793
5299
12190
8799
7084
5910
5519
6729
21104
7142
5778
10792
5127
5031
8382
8991
13074
7860
8094
12345
9402
5265
13392
5784
7940
6058
6242
6278
13569
7258
5363
9602
8537
11819
5152
7044
5250
6057
5118
5159
7268
5908
9236
6435
6339
5390
6634
5846
6592
5903
6497
11757
7611
9408
6411
6363
16093
5677
5282
17471
6378
5383
5034
5348
6357
5005
8486
8441
21986
5447
6608
5627
7369
17576
5383
16114
5513
8965
5292
6171
12062
28642
6270
11543
80709
11636
41971
5074
6649
25297
8623
6525
10340
9528
9068
6798
5896
5681
21926
13577
10813
27451
5354
7173
9463
6938
10414
12861
5601
7418
8355
6330
24277
6115
9253
15717
5057
10195
9830
5694
14854
6928
11762
5173
8289
5419
6161
5895
27443
8195
6272
10714
7176
10137
6709
7946
17752
6946
9631
9591
14401
6666
11428
5733
6111
13291
12789
6189
5775
7310
10578
7142
5531
6529
6754
8122
7791
5058
7149
5419
5473
5734
7267
12386
6850
8190
5082
5895
7288
9473
5896
12399
6920
7463
9268
7676
52198
9247
5536
5142
9805
5777
6661
7550
7195
7619
8077
13660
8135
6175
5327
5831
9828
12172
5864
11772
7478
5378
11482
6007
8117
5187
5606
6281
5298
28423
6845
5967
7157
5637
10600
8784
6016
5823
39860
26706
7928
10347
5531
8968
5265
5409
5977
6444
5159
5713
5235
5938
5610
6278
7400
8962
5135
6195
15020
15729
27758
10237
9918
6298
7683
5691
5288
9243
19518
5036
5212
9704
12337
8732
7460
5601
5622
14450
6397
8234
16089
6023
5943
5829
8069
6251
9092
22610
40629
13465
5607
14359
7891
14299
5791
11029
8852
5041
9669
16032
6192
14502
6049
9778
6144
17810
12756
50772
6901
6564
34792
14326
7487
7007
5504
8319
8614
6295
5151
5800
5635
5039
5140
5619
7190
5627
6362
41933
15564
6545
7193
16614
5884
5874
6582
17165
6276
5383
6041
7151
13464
15023
5343
5281
5275
6942
5791
5062
7920
8183
5786
6130
5067
9479
92219
15226
5258
5403
6242
9845
6335
7731
16663
9138
12405
6188
6903
5041
5317
9001
9981
6798
17413
5033
7777
5594
9230
5851
6281
6755
19662
6245
7308
7719
5562
21285
22077
22206
6632
18720
5551
6772
23913
13019
22242
5920
5819
8409
7890
7269
10515
5069
5798
13739
12852
8929
7814
6707
8271
14449
6977
9842
5665
22431
20189
5375
5904
15445
5183
8372
9391
7147
5256
5300
15911
6089
5378
5652
7414
11759
7555
9982
22447
6436
5590
11075
10471
24825
11300
20121
16040
18389
7486
5708
8243
10135
7463
15505
7681
5430
7005
8360
5164
6837
17128
17901
11941
7923
5376
8238
5150
6492
5860
7127
18996
5087
6779
7656
5446
8333
16438
8405
6516
9432
10086
5602
13412
11573
8120
11546
5205
6150
6901
12188
5571
5659
7253
5181
5988
7169
6510
5028
5004
19548
5929
14115
7564
6476
6872
8383
5056
19593
6283
5991
5353
7447
9438
8588
6019
5328
10393
16487
7874
17448
5671
5453
18955
6499
7774
11903
21414
13883
5089
6283
5501
5286
13806
6894
5513
8259
23021
8486
11458
6348
6983
9047
5692
8197
7594
7447
5191
7023
5907
6296
5833
10638
10806
6887
15086
6383
6644
11377
10318
5481
9039
14471
17772
5784
8706
7954
5141
6099
6123
6736
5111
8312
15787
8114
7514
5390
6568
11993
8037
5905
5741
6648
5769
5280
5302
6800
6184
28695
13338
5467
6871
5520
10090
26722
5336
12872
5140
5845
5548
11848
7629
5002
5055
5503
5617
9000
7235
14894
13226
10233
7798
6146
6135
5104
12131
8334
8151
8485
10010
18668
13340
25038
5367
11488
18437
7788
16983
11553
20565
10673
19079
5816
5313
24586
11047
9600
12675
6398
5793
7144
22923
11118
6488
5044
8050
8367
5635
8161
7466
10335
46764
5520
7094
5981
5103
6764
6770
25439
12095
5633
18884
5712
6201
5135
6004
10806
10453
8615
9001
9023
10208
5102
5435
6887
8384
13305
5178
8086
5873
8050
6588
8582
18146
5636
7532
14707
5407
5350
20081
15864
6540
37625
5674
17401
18658
6940
10867
12349
10320
13508
7804
47957
5186
6463
10908
6639
8992
5715
5189
8983
7586
7066
6774
11557
9147
40429
6248
7643
6687
5537
5957
7672
7481
6804
6474
8094
6028
5859
9487
6729
5461
8521
5685
18225
7211
5945
6763
5639
5670
18192
5776
5693
6197
7328
6139
5629
37299
5957
7515
6524
5795
8186
6623
10439
5978
9853
9187
6994
6461
9665
11896
17714
7476
5969
7676
10013
6006
61530
6300
11339
6105
5468
7419
18630
22533
30811
10360
5871
6511
7218
8991
6453
5893
7982
11087
8897
6642
6030
7732
5122
7744
8016
6185
5022
5776
6422
6976
8561
11049
8175
9438
9408
11339
7432
5634
5410
5605
5572
82495
5742
14526
16042
5397
7450
5855
6294
9209
6801
10513
7038
9808
9463
43186
5187
6815
8582
5203
9574
9793
6235
5576
7365
6239
5070
6439
5496
5434
13860
5982
5319
6020
5372
7253
7617
8304
13320
10474
10553
6385
8665
5710
9268
9797
11277
5005
10153
20348
37083
16727
6175
5675
5033
5910
9339
9208
11409
6789
7392
6891
5076
11508
6597
5691
5816
5695
15196
5309
12005
7662
8631
6967
5257
9396
8533
5719
13220
6119
6550
5847
15238
10901
5699
9278
5471
8418
5356
5299
13225
10973
6796
5383
6387
7018
5477
6862
5227
6286
5747
8966
5209
7797
6119
9678
6013
5613
35823
7361
8532
6181
5884
16431
5159
10655
9987
5049
5125
6873
6166
7355
5716
10491
9413
11029
6079
33902
19711
5889
5020
7431
33436
60373
36533
48241
11523
25000
18874
7425
5826
11742
6537
5387
7898
55250
7386
14827
6276
6038
5900
5414
12186
9243
10234
9116
5786
5700
42396
6579
6208
7094
8792
5224
7516
5025
6590
29267
18721
11058
17953
5616
6408
15336
15073
8535
5313
5314
7208
5472
11301
20807
84104
7371
6863
5751
6423
8808
18677
6392
8556
6433
5054
51330
10589
5763
12693
9645
5032
12385
10639
9293
10587
6687
6892
11628
9356
28169
11621
6782
10285
10124
21843
8659
54653
8950
15527
20786
5482
19095
9362
27462
22439
7161
6196
10451
7328
14130
32824
8809
7709
9307
27707
19078
5203
5114
14198
6705
5010
11252
6075
6823
7716
9583
45799
12980
5198
5899
5858
13695
5300
5138
45181
7913
5557
16816
10726
14702
12098
11616
13732
6650
8228
8444
7711
11153
6224
5778
5063
13892
9923
6549
32073
10647
35370
8389
22850
7917
6362
8195
8404
6082
6598
22820
6887
6854
5638
9253
5398
7414
5422
5889
8444
12050
5367
5062
48322
6770
5301
9886
6356
6861
14699
10126
6726
9658
5497
14856
5353
7676
6411
6121
5682
5830
5383
6520
6784
5136
5088
5931
9544
24217
5638
8711
18544
21071
5635
10093
7894
8887
14774
13880
6441
9008
15462
11727
7273
12162
7193
44706
10419
7297
25565
6957
6905
6339
6496
6082
15285
9219
11407
6732
18183
12165
5614
49238
37310
7577
9193
5846
8090
6644
5782
5621
5601
11308
8212
18128
12877
7743
8240
5033
9378
6937
12553
5073
6919
8093
13602
72813
5175
5094
8112
16501
7324
8687
18694
12751
8402
9445
6696
78442
5241
6364
10063
8804
8459
11755
15353
16991
14085
11088
19107
10785
8859
5270
21250
5700
5580
5610
23371
9494
5897
6421
9742
5675
12560
5473
18430
11863
6055
5789
5034
8765
7075
14543
13686
9645
7255
6676
6338
15901
6675
17806
5129
6995
9835
18673
9195
6608
5618
7007
5050
5182
8417
7005
19287
30224
7630
5461
6771
5286
6837
16551
5769
10758
13663
5579
8656
8032
12497
5375
7298
12797
6047
7916
6519
9792
14601
5164
12626
9741
8683
5866
5780
9947
8787
5016
15971
5473
5370
5166
5824
7025
27405
16057
7346
6474
7071
6068
5133
6002
7523
9873
11433
17703
8710
5974
7380
7934
13343
5480
8080
9546
5535
24672
7061
7978
9748
5959
5857
5109
5792
11615
12433
10215
26378
22619
5296
9658
24435
8411
16864
9973
7966
6508
7479
9503
9393
5658
7786
7987
6398
5034
11244
7236
13257
9256
6025
7639
8231
29235
6643
5333
8982
5065
7040
8590
14555
7034
13979
7312
14577
25024
5323
7433
9220
6459
5417
5692
5897
5893
5285
12533
5310
5732
6858
5021
14416
9033
5245
6624
6043
9363
5069
6599
25260
6341
8597
6773
8522
12021
10751
7921
6736
7618
14387
6073
18776
5609
6230
8770
14109
5060
5099
24868
6690
8264
5469
5623
5772
5348
10418
5648
12551
5685
15610
8740
12043
6056
5985
6327
12439
5122
7674
9755
11375
5380
6919
5012
13848
17965
5372
5000
6435
6785
5245
5005
7204
24608
5240
76809
5585
5263
9019
9682
5287
5323
6038
5211
14399
10771
7881
9095
5187
11569
7236
5868
6939
6382
5044
6626
12219
27696
5681
5724
9015
7389
5822
9915
13434
6541
5614
6912
9022
10753
8252
16362
5588
8717
29232
5421
5651
24766
36534
64220
61371
147616
48241
44551
6768
21983
7691
5598
5180
6963
6116
5503
7603
10838
8291
6078
10577
5905
5119
8676
6451
7837
6630
15862
6897
6262
14744
5013
30688
9901
6187
6486
10488
9586
13558
18421
5017
6033
9557
14497
6980
15312
6428
10252
6660
16212
9826
6215
5956
5418
6603
7349
5431
20488
11160
9685
7998
54622
7443
16110
5402
7914
5714
5857
7287
7571
10943
13192
5138
8627
13542
20695
5790
9395
6599
6631
6281
5611
9574
10709
27193
88045
5450
7523
10162
15538
6623
13985
8668
8616
9829
6022
49006
5749
6407
8157
12613
21611
5806
7463
6597
20648
8291
9284
23382
5710
19723
6553
11423
8831
7118
9789
5778
5065
14026
6065
8862
5070
5933
10164
5702
5025
6180
5703
5828
9298
7457
5644
10418
10403
5529
7288
5386
9225
6551
6934
5069
5284
15840
8001
5989
11476
6718
6190
6809
8832
12482
5384
5445
6807
6739
18421
5006
11131
15372
9498
7821
6650
5006
21246
9859
5088
11565
20060
5426
6611
12729
6398
6000
5133
7475
10902
10829
5593
5193
12326
7768
30800
13611
8025
5952
7115
9818
5125
31183
11135
6242
6909
5470
6475
5276
28639
5499
6512
8379
25509
7395
5917
19800
5647
7333
5265
6687
8785
7164
5147
6573
7082
22417
5885
5552
7143
15377
20773
6167
6280
6570
7115
7329
14801
5026
12852
6312
7189
5495
5024
31834
7345
13580
10692
5809
6429
16054
5708
5884
5130
10807
13979
6177
5851
17363
15935
5280
5984
6407
6389
5418
6318
5091
6832
11204
5392
13620
6536
5334
11092
21207
31925
12596
5745
6222
6413
5151
5146
5104
9353
7866
23848
8214
5546
28969
12778
6000
5233
12324
11776
5334
5817
5607
39253
8882
9683
9258
6313
26516
5146
10259
5663
8119
15797
7492
6342
8742
16997
7968
6821
7513
13651
16074
16099
11939
5840
5757
12330
5455
5304
15583
5819
13927
8951
11409
9633
8585
5227
11127
19649
10314
7085
12822
5412
8782
6304
5966
12476
6016
26355
10675
9650
5780
9400
6529
10128
9762
7284
7885
5443
13289
6690
5615
10612
21040
6727
8469
12500
68056
5903
34613
11921
5315
5692
9853
11909
7918
6887
7400
36761
5462
7082
5736
9564
14523
9437
5608
82524
8489
5710
10780
6252
5081
7126
5240
38427
18148
10218
10833
10619
5035
6013
6850
9690
11279
7944
15442
8478
7106
6639
7744
18408
35821
5875
6697
6752
6920
6052
5725
5650
5586
7214
5280
5150
5151
15780
11820
5905
22182
5292
11010
10877
20257
5164
61143
5856
8201
10682
5714
11301
7062
8772
6773
7119
5849
5012
13896
16282
5150
7720
6348
6464
10380
5900
7352
6457
5393
5017
5872
8127
48651
5852
5651
5040
6067
24055
6588
5070
19409
8521
5265
6192
6375
6138
11668
12876
19487
7203
5547
12288
6501
6552
10258
13624
10021
5318
5443
10295
5336
16485
5507
5668
19507
7196
6458
6900
6518
5162
14522
21212
5619
5553
8517
5322
8099
7269
12812
9576
12668
14141
10884
5764
5195
11622
12058
6506
8690
5673
6241
6842
6498
5747
7583
5679
6753
14086
16430
54772
8764
7092
70436
10178
5643
7378
9383
6146
7981
7046
13409
22744
12844
7535
9585
6594
37578
5373
10446
5460
41907
5331
5873
22702
5919
21798
5494
6727
13282
5090
7160
10776
59137
7652
6428
6415
12987
6444
8228
5711
22128
5666
12898
8984
14767
6846
12386
9782
5553
13517
5919
5424
7567
7232
5247
5459
5543
20036
5319
6874
5071
17622
6279
5542
7721
6485
5044
6681
6451
6595
7541
7314
6791
9835
9731
5438
22061
10053
5709
5199
42517
5355
20523
6643
8920
12362
5633
5222
8171
20991
7073
9877
5402
7569
16616
17518
10208
5084
8229
5297
7125
13497
6647
15881
5109
22282
7536
10840
11025
5987
9626
10066
9608
6858
20475
6346
7272
16209
6417
5657
10253
5219
11064
5577
12592
8794
5628
47084
9864
15455
5160
5379
5256
6093
147616
24765
7114
11590
6889
18858
8128
11119
6505
13110
15692
19003
12280
14737
16670
5407
6484
9709
7259
5371
5332
47266
10357
6133
5860
5529
5280
6220
6102
14213
12159
7628
8035
16506
10840
18851
8420
5652
8427
10700
7233
10164
10094
8986
5179
6883
6734
9943
16740
14146
10893
16090
6097
9019
5039
5768
5326
7370
10755
6236
7057
6269
9386
15341
13587
10848
15686
16652
8913
36060
8011
17188
6039
15664
9381
13183
5250
9686
9451
7095
19723
5810
5412
6012
17919
9674
8400
9700
5234
7117
9681
9042
6925
6317
5009
5596
7270
48954
13144
5664
5549
5338
9207
23646
11074
13976
7090
5318
6214
7880
15419
9925
18091
11783
5549
20572
9545
12288
35143
7319
8826
10111
7790
20199
16203
5103
10955
5795
5148
5180
5046
11038
7219
8880
14820
10509
26644
12879
5856
11331
10120
11351
11169
9975
5525
12552
7037
7482
7373
5717
5676
11378
5414
5733
48546
6721
5750
24629
10624
5360
14268
9108
5522
5737
16565
10431
5646
28315
83727
63328
43958
14264
31015
7986
6666
5711
21637
21052
9950
12233
8425
5580
7779
7158
7875
54682
11456
6403
6729
6404
5308
7767
18701
8338
55683
10089
10614
36851
5438
6142
6105
6479
39040
7629
10332
23853
5896
26932
21698
7647
6552
6191
9952
7695
7644
14213
5405
8150
21066
6520
7333
12611
23380
5161
5202
6425
13599
14244
7388
21496
5253
6012
6040
7065
5713
9758
7747
9857
12403
10363
19644
9416
17090
7822
5482
39503
10749
6708
11191
6590
14277
5611
5141
6762
7235
5574
5034
5539
7345
5714
58650
8382
5525
14086
5807
18031
16310
10319
5019
10239
21373
5434
17141
5980
20355
5280
16935
5061
13917
7556
14441
6951
5224
11908
8270
9410
7642
9150
6102
14298
5375
12813
5784
9048
6094
6161
7455
10733
6508
5603
15382
5687
10128
6046
5821
5580
5160
29699
7366
14932
6359
23329
5885
6333
7414
19975
7107
12046
10597
6744
5289
5719
5144
6188
5199
8126
6886
5057
33820
6115
7759
12452
5186
16853
6718
5124
17423
8500
12394
9273
6860
12396
15331
7242
37806
6303
5263
6684
6175
5126
12516
6814
5033
5922
5118
24683
8906
29717
30795
51331
9989
6452
6658
5776
9618
11214
5383
7050
6047
9788
11293
13744
5590
11542
5192
5761
13215
19527
11219
19089
32884
6651
24124
11991
6556
8044
12447
5793
6282
5900
13290
23384
13388
5976
5813
20477
12051
7905
16871
5342
7077
8826
12925
8344
6024
7545
9725
8679
5825
5566
7546
49306
11558
8472
8152
5773
16552
26228
6522
5677
11330
7753
6344
6330
6019
5057
5206
5986
5863
6997
10716
5130
7894
7189
8697
12780
6223
23293
6018
6674
14793
8424
33379
10542
6355
6157
7032
7378
12291
7246
12831
5127
7875
5463
5406
41498
13026
20627
11957
6711
5397
25079
7890
6840
14820
7314
8602
9380
7633
7600
20574
5705
6167
62575
6645
8985
11720
17068
6192
7228
6881
18885
10226
7550
7848
8041
5761
5659
6358
12768
11777
7219
5547
5298
23162
7042
9489
5446
5416
9663
5145
8524
9361
5736
5808
9654
7096
8181
18876
8220
7269
13293
5312
12195
5042
7093
20116
7733
7024
10270
14324
11216
13283
7395
5073
11248
16102
6808
6339
37788
16308
6334
7846
8516
11939
9191
45714
10776
7859
25036
5726
9674
6914
10968
7252
7128
8711
11330
5040
6844
13261
5408
5609
11004
10651
8698
10158
9546
21002
6409
13781
9769
6658
5313
5407
5625
28842
5973
5376
5516
35198
6490
16873
5296
15908
12687
16913
6891
6815
8614
7291
5629
6527
5326
5856
5104
6931
9954
13607
11058
5147
5572
6266
5160
11081
5333
11882
5282
8256
9692
5914
9017
7453
5614
7880
5119
5328
9952
8506
7112
14011
6277
11810
5005
18482
6582
7839
7300
21940
11196
20110
7027
18123
10221
33397
6385
15571
5544
9467
12808
5831
6657
6971
7665
7583
8840
14885
6327
9342
7593
8226
10351
5202
25957
7036
9352
18953
7600
7975
5556
12713
5512
9999
9607
18035
5357
17966
6062
6808
8643
13861
14605
6280
5928
17430
6460
15106
7704
42275
6006
46576
7251
10244
5115
5382
7417
5412
6086
11832
10021
7746
9772
6841
8417
5068
6031
10488
6133
37698
14304
6786
13994
7811
7728
6642
6523
17717
35988
5125
11412
5926
5579
26829
7148
5010
7593
6610
6299
12031
5477
6696
11496
34843
6424
8932
5178
5203
5743
6059
9910
52883
6025
8304
8361
7307
7014
8322
6601
6143
6543
5107
5306
25649
5344
10882
5346
6287
7434
15858
8120
15531
5867
6366
173169
23320
23937
16116
5813
6139
15202
60572
5311
8711
59630
56246
52745
24724
44551
6989
10974
5640
5270
10459
7423
6102
8929
5400
6919
5523
9583
5061
5253
20363
18321
6409
5996
13171
12503
5147
17912
9456
8177
6960
7111
5183
25205
5260
17277
7690
15564
5292
22803
5078
5865
8850
8794
5888
7721
5037
13123
5308
24198
6158
12732
12101
5146
37979
7082
6996
14268
17086
12802
8041
6095
5434
18148
6790
12743
5879
9012
5593
5421
12043
23440
6336
5601
5686
10139
6856
9850
5112
5303
8605
14014
12566
6665
5376
5439
17967
5486
6498
36710
6373
23789
6840
5328
7412
16540
7700
15433
5846
14019
12002
8265
5345
6155
5209
5437
6697
12963
5345
9408
7241
7338
8987
5836
8172
9929
6564
7910
16050
5092
5924
7586
18329
5817
16303
16443
9317
5078
11791
5265
8224
6093
7518
6237
6429
16701
8273
11402
30264
6281
5232
27206
7491
18604
5949
9798
5569
6975
5356
5360
5529
15415
20885
6932
9959
10477
6604
43032
6979
10321
6620
7765
6803
5208
9718
22195
8055
5494
16332
13697
15185
8578
5573
12773
12087
9281
7859
5433
7840
13003
8814
7662
49650
17903
10778
11558
7466
6966
7346
8892
11797
6521
6752
10377
5804
9356
5683
6948
5652
6131
16745
11875
9453
7695
6270
7134
13908
6831
5130
8345
5148
6294
61875
5902
6295
7286
36965
6101
82084
23252
5755
5949
14827
8012
13435
6401
6555
7899
6874
5509
14316
11127
23416
7003
8876
5200
19908
10426
70139
6383
11390
6071
6846
5421
28924
16767
7496
23157
14016
5781
5767
10333
5887
5279
9873
5319
8219
8463
9113
7317
9312
5389
6356
7999
5639
15752
7456
5057
5006
5577
11475
8912
8804
23040
37899
21641
10562
11627
5144
33995
7250
8302
5620
12092
7396
7938
6840
6904
13552
13114
7032
5015
14410
8774
19572
5713
10497
18015
6436
6385
10355
7850
16299
5615
5942
8330
7812
6317
9427
103729
5916
9310
6600
8436
13166
6452
5209
22550
6338
5193
22263
29237
6749
5853
5369
5700
12183
10885
5949
11234
7924
5704
39297
15691
30206
5149
7136
7290
8796
7047
8105
21899
14081
12823
15942
5782
8112
6586
7957
6793
6238
5341
10049
37859
5507
10313
9605
9736
9108
5559
5056
5108
6972
9854
5665
5534
39519
19177
11153
9338
5877
8282
7557
22634
9298
7195
11737
5550
10603
9057
37793
13544
5917
8681
5815
9021
5795
7816
9954
6917
9570
7711
9149
5346
5279
8025
6386
22748
7737
5525
5635
5025
8925
12686
9800
5169
6190
15664
10761
6845
5161
14833
8115
6765
5244
9194
9493
56121
6580
8613
6039
6480
16823
13414
8376
15870
9612
5112
15660
6925
6815
5680
7977
5919
9771
7209
15956
5562
10997
5854
5175
6270
7444
5906
12266
9474
33625
5999
7157
12599
7118
6233
5488
7319
5400
10680
10128
6153
6507
8550
5276
7957
7173
7711
15760
6843
6061
14674
5644
7260
5392
9524
5645
5081
8334
6381
12512
7763
11284
5656
7426
5123
32892
23910
10904
11611
20146
6665
6815
8646
6697
5499
8780
12134
6170
5582
5416
5612
5172
5655
9076
9592
5955
5976
5194
27004
6245
5982
5935
5302
7681
8087
6561
6838
6514
13970
8185
10267
9864
9159
5721
7327
6895
5329
6490
6845
7017
5115
10254
5859
6096
7814
5146
10475
8768
6581
7336
6299
8040
20368
7147
5690
18272
8225
12078
7536
7174
7848
5374
5267
8358
6663
9300
9415
5371
7160
17215
13031
9268
5068
18941
6060
25699
8121
9313
6049
5087
16778
5932
5731
6358
5346
7765
8024
5234
6227
7843
24451
7242
16549
8964
7648
5183
8668
8453
6587
11335
5905
6742
8190
5999
5077
11785
7423
16541
7356
6321
18469
9541
5740
5739
5014
5083
20756
5429
10266
7451
7315
8713
7202
5239
5536
11790
8735
5393
7388
8181
5017
18030
11333
11521
6790
5922
7245
6627
8153
5027
6062
5135
5114
8164
13425
5632
6019
5296
53422
54144
43035
147616
5320
11644
13475
6861
5479
5781
5418
12318
30149
10325
5651
21343
5450
31074
8486
7992
47692
9850
5358
5842
21630
10431
5004
6680
7956
10486
28193
8788
7354
8595
10673
8952
13534
5510
17337
23168
12413
11966
7280
10086
6540
14162
10995
6057
25915
15375
11256
6732
8453
9137
6020
5255
7147
6001
9740
6461
9695
8562
13214
9689
37080
10083
6956
7102
7877
9047
6187
6917
23286
5478
5241
7048
8176
5031
9748
7209
5726
5578
5500
5303
7092
5130
8773
5418
6115
5758
5619
8893
7103
6772
5428
12512
47927
5341
7568
16171
6296
6271
5372
10547
10817
8867
7389
5992
6320
5222
7015
10499
30179
6415
5289
12812
5533
8382
8652
9365
13166
7150
5011
40405
8282
5236
7660
12190
6813
10581
9256
26006
11623
6446
8587
6882
5875
8387
10313
7557
7614
20638
8060
5921
7855
7767
5093
23842
8594
8227
9690
15297
13265
5128
10534
5088
6013
8860
8191
8825
105549
5442
9495
7826
5305
10392
9856
5732
48744
7015
8063
9926
7932
7757
6782
14835
10299
5472
15840
6585
21941
6167
7172
7278
6670
5189
7357
13415
7042
6365
19518
10848
5060
13987
5894
9480
5452
8917
5054
6295
5920
9819
15204
9875
11802
18472
5785
5291
9997
5691
5274
38942
7064
12422
12118
18466
13343
8830
5008
5315
10482
8034
11174
12738
25390
26574
20702
5835
6109
10520
9881
11047
8151
5752
5174
6354
21026
6558
6950
7793
11819
5360
5232
7613
5420
6922
8288
10170
9368
6752
5285
10045
8213
11281
5040
34978
8626
32959
11813
6397
38404
5833
8880
5113
20548
6050
11498
5660
7379
7015
5507
9180
5650
5036
5236
5543
28191
5312
6474
5270
8070
8467
8810
5536
10021
7429
14174
7942
5018
5031
14633
7040
5384
9396
6641
5398
8745
11123
8148
5564
5991
16184
10224
6594
7715
5408
9643
7153
6811
6298
5591
5477
10014
12393
6923
16231
7752
10631
12034
5152
6368
6658
5668
15850
12970
11189
6084
5282
9285
5068
11225
6112
7997
5565
5523
9968
6583
6373
11255
6006
10816
12117
5909
15743
8691
7929
14916
5797
21475
5791
18362
7777
8801
10255
11537
13748
15378
10167
5144
8944
5015
15490
13300
7365
10003
5857
5327
14953
7491
7927
5043
8254
6065
7860
5985
5961
6407
6000
29701
6239
7700
5791
5428
5097
6202
5094
6794
10884
18979
6950
9152
5388
5602
8811
7042
5000
6258
65135
6983
16462
8083
9789
5709
13434
5579
5235
6934
21137
9269
36217
8964
9224
6646
21913
9792
7300
5607
14988
6376
6336
5813
8296
5128
6679
8136
9101
9839
5547
7314
8786
10641
5530
8079
6437
7137
11867
6902
5594
7770
9895
9410
20663
11070
21574
7255
7121
13300
6068
6940
5589
5101
12195
11662
7752
5334
11810
9108
6054
5959
6437
8077
6924
14667
5246
7794
15654
8491
7208
9879
5049
16514
11951
9494
6652
5250
13904
28793
5598
5889
6845
5139
6524
24599
10388
5700
6134
6152
7653
10813
9116
7555
5984
6867
5548
6904
52196
6261
6193
5037
5848
8435
16947
5004
6098
5596
8513
8572
7406
14544
7155
12163
6396
6898
10393
11273
5527
6357
16038
8447
5852
5308
19928
8702
7486
6177
23865
7888
7612
28084
5256
6086
8211
8793
5476
14689
7218
6248
6279
13626
5655
5384
8069
12494
5176
6768
7516
7643
10849
10186
12515
17787
12490
7563
5711
6367
10035
12031
5343
11873
5478
6045
44778
8006
6195
14783
15344
10559
28426
5733
8261
6058
13315
8956
5997
15709
8007
5802
15715
7296
10831
8786
7326
6230
16519
5168
5543
5686
6124
9789
5452
6761
6130
7086
6411
9762
9630
10399
16536
9150
9189
5326
5370
6474
9708
5089
5458
5474
6338
31830
18501
12502
13927
5169
5954
15097
6270
5182
6943
7034
5570
25623
10620
9408
5541
7600
61479
9972
12136
8113
11506
26506
16296
5013
9102
5380
5458
14526
9558
8310
5161
5369
6619
5689
8760
6053
5301
6747
11220
22051
17637
7048
7963
6839
12254
5325
20095
9660
12104
5470
6251
7619
10670
8837
7022
8424
34106
8982
5995
5220
6811
8509
5710
11018
10990
15235
5463
6602
5826
66281
5724
7915
61371
44551
6559
8106
22650
8127
15117
7408
14339
5462
5254
8738
15781
5238
12476
15314
5062
15836
6447
13132
16770
8463
6720
7977
6106
7137
27010
7865
5733
59074
5371
5435
5966
16080
5540
11836
32031
13714
7215
19816
5088
10143
10643
7706
18930
5278
39685
5298
5543
6681
5412
5683
16010
5318
6650
5411
5443
54338
16256
7055
12574
27088
7457
5436
11886
15042
11425
8180
14561
6940
14235
7480
52188
5328
6995
6650
8181
9182
13907
5458
10903
6882
5343
6113
5922
5908
8746
14802
13215
6874
16415
6394
7399
16461
6717
6209
6545
6587
5311
7870
5477
11569
9048
7813
24004
5437
7688
11624
5347
13492
5063
6638
9144
5149
25913
6098
6774
6794
19352
5869
5266
6368
29131
5060
5514
6387
7915
8439
12042
5898
5441
9566
16884
5222
47755
6128
5543
5669
6659
6104
5580
13859
7251
5111
7272
11170
10009
7273
23380
7461
26255
19411
5340
12206
12111
5068
5383
7457
5343
18451
5877
6472
5678
6572
6309
8430
5549
5222
5225
7621
9617
8494
5282
20347
6991
13760
7305
13759
10259
31545
11301
14918
15314
5274
8637
48486
6277
6567
5273
5607
11830
14739
5953
5295
5886
5329
8461
8949
6770
10806
8851
11937
12160
20651
33247
5487
6414
10035
8616
6279
5511
7281
6984
10064
6034
36022
5686
6413
5664
5608
5230
21995
14790
5361
9596
7551
5294
11279
16510
10733
8166
6409
8328
19137
7038
10439
5139
5167
10011
9003
6191
6785
5533
17282
7298
6290
15257
5358
18631
5699
10313
5618
7279
5348
9407
7424
6146
10971
5748
5926
8968
8354
10142
9444
6455
5628
5482
5532
12879
14822
8910
7923
6925
6261
5035
6065
8491
15675
6841
10250
6796
5596
11032
9559
6964
8206
5167
11961
9604
5496
57806
6345
11107
7957
5316
14604
17841
6323
9420
8912
6591
5003
16177
8169
7541
7853
11321
7310
5242
5200
6124
5399
5281
7727
6045
29019
8371
25815
5225
5284
15116
5060
6502
5178
5435
6812
57619
7609
6046
10264
11057
5183
8891
5199
5929
6651
8476
8769
8541
5555
11332
5168
5973
8024
6397
13043
5618
11258
14159
20135
5631
5270
6105
6392
16052
22386
5352
6038
37976
11897
6216
6924
5375
7660
5404
6688
5839
7671
9330
5876
8399
5698
6397
5082
8234
18611
19842
5481
6285
7082
13868
7765
11904
18289
12370
5295
7582
25184
5337
5722
6568
10213
6235
24467
22940
6980
5976
6201
6558
9047
5734
18683
5735
5155
6530
6567
5696
5927
9513
5338
34206
26424
9466
6095
6930
6411
5997
12027
11218
5704
5340
7837
6874
5598
6098
9623
5504
5489
6541
8580
5929
6757
9049
8621
9596
15551
8126
7232
5153
11650
30983
5641
6750
6150
5203
11590
5233
5888
7466
6278
9956
8656
7054
18341
5674
5860
5717
7138
8433
6503
11075
9978
5122
5883
7479
8190
8524
8238
6560
11715
20056
12678
6990
5185
5562
5555
6092
92092
61882
35648
62862
44551
40426
61142
22740
80622
6286
16235
16553
9804
10341
5732
7237
14033
6849
5115
5240
10301
7674
8162
21361
7127
6464
12793
14489
27798
7587
5010
6228
17828
6212
8361
6947
10374
10800
20265
8843
6623
23657
5462
79852
10002
29298
5564
9846
28985
8580
5172
6575
6331
5157
10690
9168
12320
5533
5686
17087
6408
33293
23091
5126
8608
5668
5452
8302
8712
7521
15828
12390
7875
6486
7020
5511
5096
5344
5406
6566
5423
55886
5086
5139
5652
5257
19915
7580
6580
5725
10564
6090
43237
5087
6844
8739
9159
11356
5161
36456
8364
22964
5256
7565
25942
5132
6071
5219
6631
9643
6468
5622
15560
13718
6661
7077
61284
6779
5653
5486
31246
13875
6311
6922
5193
5569
6278
7272
10306
12044
12605
7870
7391
6182
7727
9158
35540
12382
37715
28289
6624
70617
6602
20212
6952
42648
5843
6265
5749
6839
33235
36706
5070
8960
22737
5287
10252
10104
15701
16719
12235
6550
15460
22813
6180
16746
13716
5387
18000
5383
6880
5196
14107
13198
6868
5745
15888
6172
51376
5140
66887
8442
5017
15817
12233
18685
9531
6743
7925
10730
7812
16882
24184
7521
5355
5623
6144
5455
24307
22722
22116
8099
5947
7654
22463
8576
5509
8733
12364
6943
8727
5523
7416
14343
5912
7277
5298
5936
7908
11353
5202
17530
21529
6270
50251
5929
55711
7921
9383
5422
66019
5151
6938
5236
5230
5665
6059
6725
13062
6607
5569
9572
6993
5520
23794
46599
9040
9870
5143
5930
5401
10934
14401
6907
5597
5297
13264
8233
5555
6386
8173
6835
5178
8101
15729
14905
26885
7707
8768
6325
7480
26916
5007
8532
8080
13770
10185
5571
51663
25035
5382
5762
5450
13559
6587
8435
9729
23947
19557
10406
10341
5200
8835
5541
6533
8872
20006
11632
7356
9184
24752
6009
5816
8556
17059
67942
8194
13263
9545
7625
7750
18319
20695
5882
7694
6918
5719
7134
12113
12771
11363
20099
6712
5369
13434
5456
6703
16364
8442
8319
10543
31531
7935
15962
5057
13116
9862
9838
6399
6197
18772
9188
6651
5545
8702
11664
7648
6548
7809
14795
9464
6568
6072
5208
9728
11654
13780
8568
11964
11739
5074
11450
10215
6652
32026
10040
10098
11628
9551
10330
6891
5318
5451
5006
16646
5841
5236
22018
5319
5886
11006
5498
31143
20652
24066
5670
47815
8523
26421
6478
10791
10690
5037
17653
8760
6424
7170
5843
5391
8398
6108
8288
5251
22546
11799
13500
5161
13494
5514
11251
5968
6037
23835
7416
12800
5718
6906
9835
5074
17649
7628
7518
5031
11692
5131
26785
7665
5671
8796
7679
9241
6217
5691
17470
11060
5769
8958
16453
6903
5660
11658
5552
11685
7697
8369
10660
15990
12070
6083
7600
16687
6494
12241
21932
5155
8733
6396
5215
6221
5155
6054
6896
16444
5991
5934
6120
6981
8452
8924
5763
11368
10795
5549
8722
7974
5036
6355
38401
5304
5393
5799
10845
11366
6856
12409
10748
8078
6558
13505
5394
7904
14363
5056
8124
5229
6747
14628
6224
16498
10391
13784
7955
7112
11628
9842
7920
7894
8024
10805
6059
11835
18946
5718
5017
30481
30802
15081
7854
18275
17674
7925
7201
5726
19464
8207
5600
18883
5290
6306
7363
17719
6931
10721
25675
8303
7022
5058
5094
6658
5596
7713
6282
11473
5950
5758
9545
17498
8823
5801
11815
6000
6507
19595
5275
15709
5545
6452
6296
5564
13761
13593
7931
5409
19692
8742
5793
5134
6135
5178
7739
6228
10706
11106
5006
11357
8673
9983
7647
8544
5193
5298
13089
5684
6387
5484
5468
5170
5669
6834
6237
17843
26026
6616
5189
6103
13117
6440
8164
5199
21549
10411
29102
12890
8664
20758
5461
23954
5675
17073
6785
7241
10407
35739
5902
10081
6430
9117
18747
6169
7100
18609
18348
5066
7177
18070
16752
5935
7153
5520
10426
5302
6006
7995
10239
6105
5227
20061
25635
8977
12411
9178
19006
5030
9671
5739
11738
6273
6798
26093
7185
14223
6849
8142
7011
14014
7286
6131
8035
8230
6431
6627
6192
17844
28900
14752
11070
10320
6535
33181
5814
5066
7446
5729
5696
11229
10074
6765
8593
10618
39712
17416
23026
12840
16527
9131
7464
5691
17059
7474
7261
5463
6962
6357
6086
20406
9187
6182
9798
10549
6509
10718
6069
15931
12472
5414
7579
9341
8554
21545
6914
7116
5411
8906
5022
14105
7123
8688
8709
12428
9683
7670
9204
5658
6856
17228
5631
15882
7543
7467
5385
6641
10727
17673
14555
7241
6539
12403
6266
6744
6015
10049
7704
8761
5461
5077
9699
7194
10725
6373
5890
5375
6906
8318
5357
5705
7076
12984
13975
5199
5869
9990
40456
21237
5445
37236
6138
6034
15468
7032
7751
41893
5437
8689
8663
10407
14799
6811
12915
13240
8710
9654
6191
8592
12154
46498
5759
6319
13025
11196
37089
11206
12486
7484
6006
5111
7471
6460
5633
6145
16698
10021
8029
5116
25422
5542
27047
19620
13923
5121
5309
6532
19929
6512
7877
31749
6385
45774
10241
7310
7828
5504
13743
7253
6748
5271
8268
6646
6981
6352
6366
7478
7190
15385
18886
5832
9233
23501
16952
5087
12039
10774
5221
6635
6593
13128
7557
13769
5252
8528
8071
13614
9095
6478
15482
5210
7322
5752
5482
6288
13861
9553
26820
11120
19530
7367
5290
6942
8266
9240
9286
22329
11247
5397
5316
7327
5955
6503
10396
36373
5701
8928
8258
8163
8569
46522
7114
12944
7941
5522
6137
6329
10746
6031
6169
5618
6730
9557
5976
5470
18021
6074
10279
5032
5396
12226
10296
13747
5972
5020
5789
14821
47555
9240
9526
6085
5795
80621
61371
82511
36969
61142
7028
15979
5172
5153
8071
7971
5825
15129
26196
8940
5692
15773
7298
23998
5206
7484
8346
5429
12920
6164
7058
11459
5672
5108
20108
92161
6344
6354
35070
5226
9158
6032
14397
11586
12131
5742
5960
7649
9965
5217
9056
18850
6827
8435
34803
7041
24558
6118
5026
5670
6424
6708
8972
7570
9580
12637
28093
9572
9670
6510
17314
8518
5045
6381
6474
16065
8747
27979
7753
6081
24171
5168
6748
34483
5313
5385
5118
6360
6320
6421
21071
5310
8422
6888
6504
11305
5585
17767
6065
7610
13781
15482
5814
5467
5801
6825
6082
5480
30399
6999
26798
24509
7145
10556
8819
5940
5508
10935
5649
6909
13820
7805
18251
52561
10682
15024
7537
7343
5092
31076
8320
5302
10765
12096
5075
12962
7204
15999
5650
5830
8331
7400
10500
8921
18412
5828
6452
6811
7631
7272
29741
9181
8761
11249
11380
9813
5618
5618
5140
11194
6985
7071
5202
9859
5452
6324
8764
7692
10995
5049
5769
7549
13722
14043
9743
10183
6192
6041
8295
9463
46944
12192
5319
5636
7800
8673
7117
5414
5521
5405
5765
5448
11865
19518
6385
5844
6546
5220
8717
12062
7914
8616
17632
13903
5026
18010
17580
9221
6150
18315
8959
7195
9186
10840
14231
16926
5037
11615
11910
9691
7141
7350
5403
13191
5976
7027
12462
8007
10499
5128
15007
5885
24149
5256
13208
5057
5976
6539
5888
8909
5058
11028
20651
9194
10351
6005
10803
14168
8165
40049
5756
8827
6777
9911
18457
6697
5080
7874
6715
9634
5145
26899
10906
10836
6445
6719
10870
5014
5947
6204
5367
10606
10189
9487
7209
7212
6784
5961
10374
5312
5011
6237
24403
17990
5908
5459
10010
6822
10609
10137
13673
9858
5474
5776
6825
8434
7531
5300
7418
11702
5620
18073
5315
5299
9862
5004
12252
19160
6894
6346
5522
6399
20546
5226
6838
23341
5857
6144
6870
35209
12113
19082
5420
5126
6940
13216
7617
5553
6807
6681
14982
14889
5236
5511
13975
9578
12747
5661
33653
8352
6038
12936
8346
11534
8161
61075
7906
12496
6838
7408
7179
5431
11683
12807
10464
8448
9119
5977
6006
5146
5040
7608
6006
11071
5222
6753
5935
12649
17370
5529
11484
12301
8775
6882
5047
38241
16700
5293
9905
11353
5082
31201
17331
16144
5026
16712
9490
5469
8402
7675
15659
5111
8185
18073
7245
5807
5081
11400
24094
7542
32802
8261
6095
11808
7973
8811
5986
11690
7056
8053
7432
15346
8715
5574
14617
6364
11149
7511
5974
6841
6948
5209
5199
8315
22857
13814
8540
13951
10468
5588
62676
39611
5721
18126
5080
11760
5545
7205
11368
6616
12609
43487
6580
5058
15079
5380
6238
5292
7352
11052
8223
11114
11693
12043
6756
5832
6011
7097
11196
21522
6612
9214
10053
7990
7402
14655
5003
5288
10088
10711
8388
7722
5787
5506
7503
5800
5182
6595
7057
9570
15379
6416
10633
6558
12835
6135
5256
5576
7455
6752
28100
8093
5793
12812
12212
16855
6542
10115
7834
11130
5247
11754
8579
5310
8557
11859
8022
9200
14795
7157
21206
10686
5407
6283
5016
12210
8682
5658
18126
18058
5686
7785
10856
9583
11090
5490
5849
9961
5231
5975
42218
12148
6155
6713
6559
5843
5516
6130
11675
8460
7821
26931
8529
13424
9573
14964
9056
15692
7512
5698
5116
5787
13263
5979
21191
5207
6874
6223
12739
6538
12486
7894
16254
7139
6692
12020
6477
7920
5649
5906
9337
5493
5923
17273
17583
6957
7077
5024
5120
26647
7234
5061
6130
15838
5408
8239
7733
6676
5259
12591
6494
12862
6332
13795
8210
7112
5872
5381
23323
5842
11960
8820
8681
8898
8325
19258
5268
5532
5621
10199
7004
6510
11963
7191
5649
6939
5280
5221
10172
8823
5185
6373
8426
8139
5328
17443
6704
6625
5293
14530
7196
7835
7389
10545
5690
9479
9569
6613
6209
10599
9440
14856
8363
8601
10576
19323
7436
5349
5356
17117
6547
7430
5557
9358
10372
17208
5625
9088
5816
9640
11823
8981
6904
8569
5168
22621
22205
11016
5032
5542
5019
15490
16433
9124
5677
6775
7039
5344
7274
8211
10227
12004
8365
9252
13217
5334
5699
5694
7076
7938
7259
16460
15649
9521
6208
9559
5293
7677
10531
5359
27902
7431
6628
28225
7006
5119
6063
10848
7777
14919
9673
5105
5895
9991
5873
7358
12422
5167
20964
8354
9624
5793
6008
14805
6588
9166
6171
8547
7220
10467
9908
22270
8235
25310
6953
5256
7313
6921
7095
9279
11161
18255
10509
8833
24790
7564
7449
13388
8573
7217
5748
5381
5420
6187
6636
5981
14758
17870
20933
5283
5439
5929
6276
61110
9644
7173
5287
11364
5197
11481
28101
9707
19915
5722
16505
12863
9952
11399
9179
11112
7759
12762
7910
22637
5546
13378
12241
5677
15362
7232
5064
9175
20004
19595
11770
5462
5715
9024
5976
9587
5814
6967
9268
10960
6137
14096
7032
8833
7341
9930
7705
5101
9858
5761
12798
5184
5963
12260
11478
11087
9111
6193
10376
7525
10627
13993
7064
8671
14939
5192
20114
9930
8644
6828
5155
11285
5832
5238
5148
7875
18241
51535
5010
6154
29971
6630
8201
5152
5322
5624
8471
8875
12191
5054
5331
5035
7226
6204
10351
5585
7295
16220
5494
6384
6929
8361
5072
6127
5689
6883
7097
28794
6903
6262
7110
36773
7540
5739
5094
5009
6828
8610
6307
5354
13357
6069
14293
5530
6084
8104
9239
20563
8003
6995
20785
5400
9773
46312
7114
5812
9421
7787
7069
6291
9381
6108
5414
5835
6432
21780
19795
5216
11390
17967
5293
9647
8159
12525
8150
16443
5806
9197
18711
7828
8894
17862
7550
10693
13908
6579
5851
5624
8268
26329
6607
6112
5704
6197
5653
5948
10960
7582
10681
8579
7608
13718
6263
13376
5698
5248
5141
7871
10347
6951
5294
5386
5937
8920
6640
7739
8179
6808
7003
8919
12915
10240
9111
5145
14788
7745
12610
9728
10940
7300
24930
14403
7163
9242
6299
5625
19574
6722
12547
5502
6256
5396
11074
7948
18338
5683
10865
15197
19116
10869
6962
73152
12641
15249
8973
10570
15960
12134
10111
5376
6582
12323
8014
5860
5554
15990
5124
10325
6412
7521
5769
5321
7988
5030
7928
6459
5391
6558
6041
14380
7527
7199
6313
7765
13813
8630
5102
7039
7819
16804
5192
6141
5386
14044
6933
12280
6479
5225
6174
13858
11748
12879
5738
5562
9525
7618
8826
5275
5758
8552
12146
6044
5065
8464
20540
9184
8100
5060
5842
5008
12860
8700
6066
25683
5880
20122
9884
7516
13033
8949
6480
9809
5845
6211
6323
7742
8156
5224
14023
9146
6277
10768
10339
5096
8748
5252
17794
5812
5157
5306
12471
5110
5218
6937
9181
35230
13820
5946
5608
16454
11646
5559
17615
6371
5328
5829
6351
29857
9194
20450
5146
7064
6401
8474
9610
5666
27701
7206
8576
15610
5434
11088
7690
6561
13470
5272
29772
6716
6168
5169
17536
14805
5472
11448
6636
5835
9038
6257
11319
5602
12070
12738
31040
10036
10070
5278
12721
12919
8596
5705
18331
13696
5424
9154
5700
6382
5305
7797
5560
7760
8272
10793
12784
6262
5485
18983
6496
7283
10519
6758
19189
5988
11888
6086
6151
8166
14919
17316
10020
6864
7053
8706
7063
7585
11409
5762
7722
6583
10907
26730
5026
14769
5902
19311
5153
6697
32700
9889
6422
9419
5793
17571
6454
7286
6041
8604
24677
6340
5756
6820
11395
8160
9091
5482
5990
7621
5887
8411
8048
7014
5624
6509
7564
11852
12022
5717
22066
17943
10316
8643
5768
5667
7798
6537
6156
8568
19366
6376
5797
5425
9356
6759
8981
5353
33487
5106
11367
11788
6574
6389
6811
13991
7607
9153
8019
42040
6060
17781
14490
6427
5905
17746
9557
5000
26394
30938
11184
5542
7949
7178
22304
6712
5891
10485
8549
10644
8869
5512
6757
5334
8196
9993
5958
5885
10624
5544
5956
12915
9843
5990
7832
6260
5754
15505
5382
6257
6247
7012
5249
9378
8549
7438
13888
13762
11802
5376
5848
17712
5149
5311
7594
5260
14937
5003
9049
15424
5768
6835
8495
14741
9783
5984
7655
6507
9942
5230
16341
8536
5793
5590
10310
6366
9450
5698
12133
8316
6191
44067
5449
5920
5188
7318
10469
15706
9849
8458
7779
9131
7296
5942
6036
7805
14194
7236
6753
8584
22895
11197
8043
7908
9930
7709
5334
7201
5203
5902
5389
5322
6821
22082
5094
9206
5310
5326
8934
11940
9118
5033
7456
7771
6148
16536
5524
8522
45526
6961
5542
9434
10888
9738
19191
11426
5163
7907
5555
6090
5970
8873
16883
6239
6518
17998
24412
14737
27691
7346
5800
5025
5357
5634
9986
5256
22597
6558
5116
5334
25853
15064
6104
5379
6023
5126
26813
5037
5499
5360
6374
5101
63648
40774
35834
31332
59734
47186
34762
34101
9504
34080
38560
24360
5310
7381
5729
6908
9522
6540
7089
8171
7589
13385
5183
22697
6904
5127
7071
12974
13354
8123
5513
7329
11714
14799
12675
7566
11273
9870
10052
6209
23052
6681
10951
8597
5695
13162
7882
10247
13762
7843
23666
9039
5169
5642
23711
6569
7168
6313
10681
24159
6207
5878
8619
5100
8879
8574
11563
7097
39234
50934
9869
8308
17164
5017
6858
5394
5939
16899
13820
7599
50393
14385
22718
6771
7041
5601
5647
30150
33835
5098
5746
10989
39979
8746
5534
51427
14796
19690
7294
11062
8166
15065
5866
19053
6441
7088
10273
5619
15031
8752
17662
6375
6026
5202
5973
5410
11235
10904
7137
10660
13536
8605
5537
7127
5931
5061
5488
43061
9047
11730
41056
17853
9687
5039
31670
8608
8534
16888
5008
5233
5000
5395
9692
6921
6029
7587
6574
9023
6402
22160
6770
22532
19772
7168
6379
22765
6814
5216
6362
7376
39985
26014
7241
5995
12677
7226
6169
10855
18024
5626
5198
12546
15522
7017
10460
12527
5119
6360
7878
12783
6660
9089
6755
5649
5345
18314
6449
5112
7338
24653
5026
16961
12097
14603
26770
7468
9562
5960
8140
19629
12019
5808
7090
5708
9560
7435
7533
5045
21613
6407
8351
5217
7532
75541
9892
32698
21421
11211
12003
5270
7313
5512
12949
24524
31011
5890
7949
6553
6478
9050
7939
7996
15424
7319
6468
8241
8909
20064
5221
41326
10851
5964
6686
62662
7080
5031
79491
7208
16493
5581
9297
8868
35928
9235
16674
6994
8183
5168
5895
6360
6706
13922
59052
18148
6493
5466
19356
33274
14929
18707
11013
5746
11847
5397
6007
7029
5953
8652
7786
25385
5582
6716
28556
7326
7053
22438
8178
6971
5774
6608
10213
9140
6991
10636
7242
9105
5170
8041
5431
23725
7213
5307
6825
6740
7005
6948
5768
12690
15028
6455
16945
12115
5134
6666
14580
8312
6405
8734
6060
6406
13364
5509
5570
5055
19117
7502
22418
6472
7332
7984
9828
8274
5452
5459
12652
5712
19587
5270
5640
10846
13517
12301
5017
13323
5811
5182
5888
10408
7702
8315
54360
5321
9458
6128
5316
9700
6180
6513
15286
6812
11310
6668
8520
8086
12572
7182
6356
15596
6100
9983
8052
20298
19311
5005
5296
5376
9953
6804
10550
18751
6374
10577
8641
30777
6266
9385
5344
30207
11780
9430
5615
6091
30934
7936
5753
5020
17037
5343
16601
10687
17249
9420
7907
6048
7124
10019
12070
8966
7173
7296
15614
5289
15517
6718
20218
10763
7651
12612
8746
9181
15706
8187
19329
6446
8417
5191
35383
7984
6850
5081
26533
8912
6432
7723
10813
8248
6154
14040
5830
25358
5769
18561
5653
6165
6293
5842
11051
23529
20527
5442
11311
8758
13977
5636
7682
15840
16334
7044
19900
5760
10936
5621
46512
7079
6576
9622
15112
6543
7580
8133
9522
5873
28343
8232
5472
7349
5442
6213
5538
12769
5772
9344
8287
8376
6950
6184
9837
5343
7566
18408
5172
21006
30321
5035
6693
22606
10084
5217
6085
26003
5992
6851
6883
9811
16409
19854
6382
6449
9739
7769
19270
5972
8223
7241
5054
5194
21055
6722
5273
10706
9460
5738
6192
17080
5600
6122
7633
5543
6969
11686
14237
12416
13991
5838
62451
8454
8536
5411
6091
30670
5572
32809
6595
18263
9795
5712
12685
9256
9378
7821
9281
5319
5720
6141
8446
9274
35520
8147
13808
5539
23407
11079
7449
18680
45617
8834
8795
17894
5949
9187
7616
6967
5390
5927
8144
8437
5329
5143
11521
8085
17016
5135
11785
32489
11793
5565
7214
9237
8320
20224
5396
7118
6573
7575
5803
5463
7246
5521
5956
5227
5131
8410
5701
6964
6473
5519
23318
17005
29148
10088
9350
5614
5558
7678
15710
10741
7145
5109
17040
7340
8049
8280
5937
5119
5126
10071
6401
5967
5020
9975
6497
22607
31149
5020
5919
10096
8675
9601
5748
22809
7561
6149
30751
5270
6694
5893
10962
9253
5051
8297
20269
38377
5901
46281
5366
6134
5689
5805
7292
27032
6328
6528
9398
23020
5789
9256
9442
5739
7347
8599
7411
5353
6129
17069
20013
6282
31177
5814
10064
5977
13742
5684
9685
47446
10645
6210
22765
6555
6788
5582
20769
7605
8008
8436
16641
6290
7806
8226
22949
10338
6645
6451
8418
5646
6495
13225
5661
9376
8979
10652
5866
15216
27013
12264
5114
5877
6007
12235
8798
5018
36920
5662
14568
8638
6474
7746
19808
8431
12272
5732
5130
5132
9065
6244
8910
6150
7172
5783
7222
5381
12201
5093
7791
56083
5535
20915
6527
5406
6088
17887
7467
11524
7076
13086
6148
5117
5312
7864
5092
8757
49513
32603
5200
6583
12112
7409
10975
7408
6186
11121
7579
5938
9852
12094
13604
8384
6122
9397
12437
6365
7055
9053
5618
58364
7411
9103
5071
8977
13008
24585
6295
16677
6729
5551
5433
7303
5581
19209
17609
11437
8741
10310
8626
5326
8489
5088
11712
5414
6809
12014
7621
6178
11250
6943
6905
18186
20281
15887
8812
9455
15438
6146
7342
38853
14135
8499
5698
6525
35898
40773
38557
34762
24766
35433
29224
34101
36156
56596
38569
34080
26182
8990
5802
6813
10766
9728
22302
25292
15574
26786
8515
6744
7899
24557
6432
5519
8711
10869
6353
20553
15635
7729
15313
19991
5411
5333
7371
5603
5182
9504
6117
11021
5784
8853
8817
29485
42874
12944
12466
6180
10890
6851
10436
7221
5051
6894
5545
40459
11146
5250
10262
15285
13264
8783
5119
5337
22653
9871
5636
6749
6331
13408
6627
5690
29407
25783
10770
7104
5677
10438
6042
5732
7490
18805
13955
14220
16957
10148
6876
13356
8545
5965
8313
7565
7635
6783
5640
7047
5935
5892
20395
19152
6321
6789
6497
5536
12274
5243
5118
5497
10936
16061
5139
17619
10617
9409
17804
11528
6067
6603
12708
5275
6304
5179
13081
5513
15985
10272
27342
7658
6752
8317
6093
29378
21359
12615
6960
14774
12791
20484
34609
5915
6312
5728
11489
6845
5973
6669
35837
5973
36616
6408
8437
5097
22670
9294
7309
11231
8839
5383
11315
9084
9697
5430
8913
6994
6339
15645
7610
6952
7849
5033
5545
7583
5929
8010
21533
14683
11988
14168
10690
6048
38747
5901
5994
5065
6368
8302
5012
5097
14266
5525
6278
7915
9021
22613
13472
14173
5486
5602
12537
8051
7216
7898
10992
5838
5515
5462
16942
6255
9655
10682
9073
8718
6942
10173
10191
5601
5270
5839
38499
8304
5715
17401
20426
7188
10393
6615
9043
5430
10513
11779
73506
7829
12588
10726
18058
9280
15918
11303
18871
5855
8285
7618
6141
17176
5855
5262
22479
5736
28195
6217
6061
18100
8889
8125
15763
5827
5435
12289
7554
29346
10798
15487
10386
9265
11028
5502
22721
7169
8662
18588
16760
6479
6516
7379
5329
7202
9095
5823
9839
6192
48512
16044
5808
7500
5751
18880
6205
7012
9666
13768
10254
14007
9821
5157
5884
46873
5007
5881
6772
5872
6739
5137
13195
11093
8460
6095
6345
34239
5455
5648
16614
11093
6982
17578
5700
5441
6182
5547
7679
21081
12255
8233
31363
12961
25514
15429
5207
7458
21647
8197
5057
7993
11485
32430
9474
10411
5667
8355
14899
6018
6122
5564
5139
12703
15149
11145
10940
12129
11096
5241
11309
28547
9858
5338
6596
27836
5772
9187
17417
5329
12500
7216
8550
5079
6314
5356
7626
5002
5302
5862
7084
5985
7447
6330
6256
5284
5478
7135
8751
9841
5181
5147
22753
5645
17604
8555
16264
10275
7282
7261
15458
6900
5474
6344
5698
13598
6431
13205
9144
6874
5947
7504
6575
14005
15332
18289
6269
15825
7456
14382
11866
9507
6449
26944
25070
7634
20937
5124
15671
7062
7431
13189
16030
7271
15978
9955
6566
16425
8719
6995
6682
12472
5587
6025
8192
6649
8081
6704
6693
10870
14169
7171
7369
7709
11029
11473
5660
8260
7226
25352
7689
12020
5541
17286
21908
7311
31899
6588
12663
6399
6851
11157
8688
13570
6807
27066
9223
9268
7596
10758
11595
5377
5786
38236
11649
6613
14847
16962
5973
10345
6187
6077
16060
5349
10602
21071
5266
6159
6866
5962
8203
5397
7880
5828
5053
7453
8013
12054
14169
6478
9175
8272
7308
7804
70000
10521
6438
8012
9982
34173
7443
8393
6151
6553
23042
5983
10425
8408
16396
5502
5144
5023
6253
6505
7017
6360
10253
12713
9551
6176
5827
6137
24781
8076
5251
27096
5848
6130
94635
11252
6015
12719
12311
5517
6374
40224
8821
6273
14189
8457
8804
7060
19121
9988
11676
14868
34756
5484
8038
6228
17651
5992
10363
7330
7622
7551
15697
5586
25039
54952
11176
16005
6367
6019
43509
14752
9257
6421
9780
8160
16742
8874
15926
6675
12750
5197
5704
6697
6187
5238
7827
6843
12686
6574
7275
10058
6956
8085
5329
7212
11263
35383
5444
13303
8256
6682
10186
8308
7408
6059
6055
8315
9847
21862
8277
8078
10524
8165
9634
10339
12420
9691
6071
29962
10035
6522
7561
5866
18605
7668
11359
10969
8693
8210
8662
14466
6982
24939
6100
5376
5610
5502
28516
11434
12207
8756
6176
7168
6953
6415
15447
5969
7620
5015
9631
6040
9441
7198
9863
5483
5051
11260
6264
22104
30945
22591
5671
6684
7425
5225
5438
5203
31266
30674
22725
22996
6913
5831
8353
9106
10253
5445
19091
5082
5984
7924
6185
9362
6225
5546
5582
11524
7443
11283
14923
7212
5558
7481
5611
32112
10933
11894
7196
12329
6718
8523
5050
23612
7305
9593
8050
5630
8600
23798
5158
9366
10441
6935
13094
12512
7858
5183
7497
6895
5736
10481
8010
8060
5871
7067
25871
13184
8971
14700
6676
6925
5787
5049
5629
6127
13090
12058
7896
6561
5375
5669
9577
9835
7886
37714
16775
11356
6351
5103
5453
6233
5448
7104
12748
6190
25657
5161
5097
11842
10277
5082
13439
6880
14939
6228
5221
18951
7224
9497
5401
5610
14383
6491
6112
17118
8863
13255
6346
5977
14208
52879
5080
5406
5707
5659
7511
10154
6194
12955
10551
5933
6550
6515
6269
8999
5557
5464
16032
14203
5088
5966
14501
8401
8337
6440
5928
28016
12224
6996
6696
6156
60499
10598
6671
13116
22223
5034
10166
5291
20155
6051
7058
11365
6368
21631
15261
9053
5161
5690
5903
5725
8681
12691
7472
5549
5276
6914
5938
11427
6406
5685
15138
8561
8450
7635
5771
20623
8843
6397
23148
5155
11295
6897
19782
6458
8783
7032
8441
7243
5852
6983
6068
14184
25587
12034
7063
5687
7732
8506
16060
7523
5364
8207
41618
8301
6091
8836
9030
5991
9175
7232
8284
5607
27479
5602
5419
5907
12890
7628
6469
8996
5543
5028
32942
5083
33259
5093
12691
10558
5328
12126
7070
15437
8732
8368
5044
7467
5011
12731
6036
14185
7848
5160
35687
78633
19244
63328
5878
6489
6480
5384
12306
5909
9306
16009
20361
37355
6086
5436
5140
20549
9442
10750
5594
8864
9839
5827
10950
5806
9972
7933
6175
23073
11316
5340
7747
9063
7851
5572
9933
5353
11685
24175
16552
5267
113067
6756
5362
8891
35813
7853
11039
10079
6908
11390
5544
10414
21219
7736
20492
34429
6809
7284
16554
7427
20237
5341
10336
9661
6420
16061
6647
5055
10911
7885
18534
7795
19925
5025
5199
8545
15011
6942
14727
5040
11608
7672
7941
7046
21320
7211
6728
9319
5039
7081
8004
9028
6057
28898
8848
5861
5177
6508
7684
6773
5811
12090
27616
6469
6167
9743
10323
8696
5542
5604
9984
5088
7454
5251
22980
5742
11504
5038
8833
19549
17772
5133
15485
5849
5894
10237
19806
13167
5877
15250
9764
7575
13658
6942
7951
9790
7938
6789
5574
15683
8951
10704
25096
9914
15137
8276
10667
15461
7176
6791
6098
7484
6687
6059
8362
5805
6894
8116
5580
6859
39079
5755
6672
5533
8362
7360
21888
5002
60727
5803
5203
5341
5885
22505
7909
14434
24231
32531
27519
11608
10297
20659
11158
27774
5709
16285
5502
6676
5287
9970
14221
26464
13997
8731
6041
5286
5103
6807
8977
7653
5108
16373
9173
10070
12539
9389
8420
11393
14923
11529
7026
33033
7341
8836
5819
8545
39962
6373
11229
5706
7119
5518
12757
15709
5447
5073
5552
7348
5372
5560
7320
5201
7086
5305
9480
8095
7167
5842
6055
6178
6451
13240
12023
5464
9893
9017
21823
19355
11488
5421
10990
6086
5127
22670
6410
5921
5533
5251
37928
5938
9643
8463
5408
6820
66678
9137
7005
12571
6556
16527
11133
6113
5972
25232
17280
14406
11806
23494
5498
5723
6218
6477
26336
5044
8444
9508
14441
5618
18860
5694
7762
15539
19751
9164
22645
34759
20636
5072
5027
5723
12013
5248
9781
6454
7671
14477
23189
17972
14748
5877
6453
6754
25653
5610
22397
18947
6984
7536
34997
15174
6551
5415
7201
8097
5632
17950
10035
33788
5108
35513
7067
5319
5209
5014
7507
7461
5427
7368
6363
6407
5883
7495
6267
34065
6264
5391
10734
20669
10424
11478
7415
13377
15490
8565
6942
5696
6996
6163
13593
10123
10877
8709
102027
5128
5310
5092
9629
5112
6317
5238
24226
7578
5214
26577
5363
7060
21730
6618
9017
12094
5056
8896
6195
5627
12636
5233
7194
6171
7104
9202
20449
10448
18181
7529
7521
5757
8751
7968
7963
8356
8735
5935
7466
11691
5241
14161
10830
5183
5066
6042
5108
6263
12052
59850
9607
10352
7216
11966
7807
12911
5435
10865
9711
9216
5831
5999
10280
5584
5034
64986
12310
14774
14144
24442
7079
10683
17777
5463
13710
5462
21685
15131
7445
12544
5308
5689
6023
5802
7557
15589
34837
13349
5870
16797
14668
10313
38736
10624
23284
5225
5894
26899
12004
7053
21084
10114
5842
7753
7334
11305
11625
13888
7404
11337
5477
5184
5362
5400
7092
7696
10367
5594
6420
6095
26294
9375
7270
14267
6646
9880
8305
5000
8629
10987
6514
35689
7486
10328
16185
8579
5569
7260
9508
6800
7722
12760
31920
7415
7392
5782
12155
32492
5237
8624
12292
12745
8694
6086
5602
5143
17469
17187
5902
7111
8441
30254
20254
8734
11598
7205
5032
6331
5103
5768
5350
8955
8111
39033
5639
6442
5216
5616
24377
35898
78633
36326
53933
5831
6420
11217
52383
41234
16537
15105
8000
12067
7967
10143
6941
9052
16242
9262
10198
9761
7932
5682
8179
15149
9771
11165
5305
7708
23455
6975
14252
5203
6918
9534
10058
8065
8913
15992
5454
14945
5240
5842
23501
7737
5894
7727
17335
7292
6158
13926
7829
5244
17323
14592
7422
16856
6860
5924
11289
7030
5144
9007
5452
5129
21250
12891
7449
7592
9230
14441
5758
8191
9823
15683
7889
5964
11476
33919
6084
18496
14210
33572
6128
8650
6829
8426
7665
5012
5710
7389
8378
5426
5063
14291
7407
5415
7881
11488
5423
7345
5629
6509
5104
16217
17107
10900
5340
9025
13037
6920
9005
7293
12040
8219
10017
5525
9118
7099
6730
5792
5378
7541
5686
11774
16459
17776
11987
16849
6824
10624
9359
15235
11360
9010
10018
7927
7153
5007
10391
11930
5310
5737
10043
6164
5502
6226
15188
6694
8919
8725
5480
7574
9848
9081
8902
5998
13979
8339
6731
17165
16908
14262
7196
13570
5466
18572
5709
6219
14296
5602
16910
22414
6071
15266
5554
13951
6925
8544
9117
15520
5553
7247
9136
5336
5729
6604
8642
17526
10077
5562
106523
5108
34443
6312
5598
7273
5764
6132
16754
6651
11073
8398
49182
5040
5377
39590
7051
7062
6140
17105
5216
6351
10845
5859
6638
15757
5948
8836
5161
5882
5278
5884
5193
8005
6354
10594
6399
5442
19432
5125
5332
10825
7235
5997
7273
11653
8181
18536
24915
6429
8463
5473
8257
5049
5231
13355
5560
5173
6848
14756
12910
7045
5978
5470
5101
9578
25162
5416
5118
6843
34745
8657
8911
9313
15270
13092
5141
5193
5357
5436
9716
7140
6936
47692
12388
6600
5230
6684
11887
5448
12269
5378
7029
7115
13095
6805
16714
7639
18505
6438
13430
8992
28295
8266
48643
8343
16482
7056
54587
5916
5669
6551
7345
5343
5065
7569
7671
6323
11311
6381
5690
5295
5124
9383
7715
10735
6549
14400
13921
5632
6228
16853
7677
6785
6232
6845
5890
9010
5035
5483
7009
5789
15513
18392
15148
10073
6070
12277
14019
18606
10215
5736
6637
5711
15632
6624
15403
33997
10749
9937
5617
12103
6971
6582
8492
6154
6411
17054
16530
35825
9404
7324
6897
5141
9844
28675
9120
6773
12204
51317
7298
7640
10761
5122
5020
10424
10734
5431
36885
11121
10537
9306
7418
18974
6485
7123
5112
5724
8617
22514
6500
9894
6663
9023
5554
7890
7548
7008
5362
5342
6663
12182
19617
9409
9884
5505
5385
5753
5919
7336
28504
5541
5653
5195
10671
9459
6849
6639
6721
6373
11191
7080
5418
7056
7812
13398
5596
25429
11692
5059
5895
5807
5024
6442
16339
33520
7163
9351
5198
51197
18050
11337
13345
5927
10571
26863
9012
10847
5778
12005
9427
5275
6006
5604
7305
13043
9530
6732
8084
7566
7534
5845
9277
27760
6904
5088
7532
61470
7815
7851
37454
10138
17557
8596
6021
7981
5097
21158
17339
6308
15405
5392
7085
12822
5561
13625
5200
11073
12147
14577
19420
8355
5476
6601
7197
6221
7777
6157
5849
19494
17836
7256
8217
5989
10583
8386
29670
15116
7489
84195
5237
6051
13004
5383
9031
9580
7149
5167
9344
5308
5795
5514
6181
7539
6159
24879
7128
6034
8352
5106
7116
10921
5350
12841
7178
5122
24407
5676
7748
35935
9663
12524
15431
6057
6849
13890
14874
13347
6002
10982
9032
10575
6095
6702
8984
8045
9055
7331
8658
9878
6377
39966
5766
7807
12800
9507
8409
9434
7338
5814
6098
5517
5237
9779
5410
15474
11998
8535
15698
10655
5824
6635
6996
6578
7260
7866
6529
20032
8423
5968
7047
5559
5051
34101
24723
35362
35686
33018
29229
8938
9256
7662
12775
5708
9230
8153
6354
8534
6361
7966
13336
5044
8517
71892
6108
13493
8181
23253
21132
10208
7472
10892
6212
7640
7074
15253
6895
5555
36164
7556
15107
10303
6127
6410
12511
11316
20354
29404
8609
7527
5998
16431
5854
10503
7609
5375
10602
33295
14469
22330
8988
27428
8536
11712
7028
5603
8679
5306
25267
5025
5886
9680
9439
11774
10234
7214
14624
59671
6177
5669
45421
58884
6367
27231
10161
8100
5581
6152
6965
7760
14917
10679
9379
28496
21685
5338
11674
9862
11858
16367
15597
6883
5917
7051
19295
5741
9302
5055
19065
5118
25522
6642
6406
7351
6120
5483
7336
8391
32342
23429
23106
8098
6623
6597
9600
12252
11329
5369
13043
11338
5142
20789
6527
10381
11364
9758
6170
24387
15024
10173
5064
5641
17042
5707
6234
24812
6060
8119
5899
5902
15248
5148
6109
14229
5162
7816
39794
6880
6879
6035
16983
10820
14193
15314
10180
12436
7483
8826
5115
15435
6570
8442
22851
11473
6773
5987
10476
10765
8281
8397
6724
6156
6537
5209
15839
5252
6145
60655
81325
5092
5336
10696
12028
15738
6512
5340
8554
12575
15840
24245
5241
5113
20614
7573
7707
5621
5296
6771
6121
11869
10417
5521
6993
7939
8218
9221
8699
14348
10047
20904
10293
12357
31228
5513
22618
51815
5881
5113
7602
6486
8465
16548
14019
8035
5270
5351
6149
9997
8169
10371
5676
5035
38541
5715
33652
10799
7163
10046
45995
12068
5626
8542
48660
11514
9388
6516
9091
10901
10395
21271
11236
6449
13343
15716
9634
12191
32269
5663
29730
6341
9146
5549
5108
5461
6352
10644
30424
38102
5341
5994
5695
33125
71766
6529
13225
8237
8075
7072
12162
6270
8594
5924
11915
7376
6592
6675
51532
16867
7132
5094
6691
6749
12153
6089
6142
22970
6397
10476
13266
5040
15499
6176
10564
10229
7409
5438
12937
11775
31113
7389
9020
16483
8628
8791
5239
5128
7032
12560
15078
5433
6843
5663
9950
28137
6723
14613
10225
11269
11609
13131
7996
5725
9143
5438
11666
14231
22930
9845
5564
10695
8918
29936
8043
5573
9092
6520
6137
7768
5606
12159
8549
13605
11793
18166
6141
5343
9990
5186
14494
7559
5917
13952
7577
5867
11064
6331
6786
12708
8935
7303
15976
9191
5557
11575
5918
6648
43221
5486
5016
7190
14746
7036
5243
6740
5267
10101
5176
19479
17679
6966
9672
7205
11424
10171
7948
8764
8411
6467
23519
21359
5120
5293
6213
27002
5992
7283
8775
8847
5533
18723
6200
6136
5711
5989
18523
5627
23058
5492
5026
56677
5607
5645
8071
5144
7847
8116
8542
5897
11390
5589
7206
5571
6431
9229
6274
5542
7007
16122
5101
27618
26534
5918
15775
7733
5946
7458
10595
6912
6196
6138
5161
6169
36211
29657
7355
6129
10361
5198
5564
6472
9029
5454
12205
9161
47569
5922
8724
10895
5463
19880
5426
5304
6096
5965
6021
7912
10920
7194
7164
7757
9957
12121
11316
6426
16854
5272
7904
9548
42488
8207
5675
6339
10980
6226
16356
7874
5096
17313
5133
5803
6237
17971
21093
6180
12133
5128
5108
23863
5281
8655
14609
9291
5127
11105
6312
10729
6580
13161
11385
12914
7588
5499
5135
15602
5057
8297
5195
5791
7836
11548
10766
5554
5649
7507
11691
11698
9818
6576
7034
5963
28126
17148
6183
6014
5377
29207
5454
54369
5972
6535
8387
36829
47337
6713
7079
5201
92219
5870
6326
5077
9380
14761
6964
6874
6875
13325
19088
7576
6897
7056
5621
14863
8963
9400
5912
18936
27939
8382
5854
8104
36184
6232
6541
5972
5137
24724
32932
40773
40647
24076
42343
35079
23147
5686
13090
6466
8437
14489
15533
24409
53518
5000
6284
6062
26730
10058
8071
6934
8195
15664
6515
6769
8851
14577
5433
5741
7780
5270
5058
6208
5910
7552
5989
5830
6314
5467
20442
9190
16568
5875
13255
12495
11497
10119
5672
9116
5934
5305
8904
5462
5858
7001
6211
9531
10414
6186
5929
5581
5517
6451
6785
7305
11011
6136
10241
12773
34513
20249
7671
12298
7923
6318
6250
6688
7013
28684
6750
11197
11088
6512
18014
6203
7139
33748
20441
6779
5252
65656
6130
11665
5160
5415
15854
8627
5095
6710
7576
5216
5626
5318
5073
6020
7611
24279
6059
6515
12022
5223
5816
7591
8461
9028
5889
9169
5959
10018
5922
8310
5345
5774
5239
23966
5565
6458
40808
6749
21919
7066
6159
5292
5885
6411
6859
8351
7299
6373
9053
6234
6581
6610
5526
15087
5369
11037
6343
11337
5754
26230
9676
5973
5276
9961
5183
6275
5771
5823
8426
5187
16915
7498
6300
6464
9886
7187
11013
6307
5470
5705
6270
7677
7595
11679
5566
11939
11728
14140
5840
6224
5179
5895
6018
7233
5969
5812
5425
6429
33283
7533
7361
6229
13646
14059
22012
17278
13361
5116
7634
5408
6350
17176
5014
6122
16436
5558
18515
18612
7590
12728
28565
10643
7782
11190
9469
17986
5954
12256
9934
9728
5893
17584
5455
8937
26906
24035
18699
7931
7216
6124
8248
5868
5452
5192
9129
5312
6062
12265
9932
6213
10888
5628
7988
6507
5249
7191
24807
9149
9553
7854
11278
5094
5340
5178
6460
12576
12470
5996
19107
5095
6008
16204
6861
5910
24481
8842
6198
5029
6866
9942
6951
7298
9182
9002
8858
7998
8264
6280
5152
21636
14519
5215
12533
25464
9548
8351
10435
8106
7134
5546
11155
6580
7085
6093
6335
7071
8524
5291
10446
6363
6918
5340
6841
9250
5862
40300
27095
8203
7322
33024
5560
12319
16451
20909
14227
6829
12747
12341
5812
6785
11725
5166
6023
8835
12544
12473
5066
9357
5781
8451
5459
7258
13994
10323
9841
6691
5626
7121
9251
8357
21724
6132
5632
11557
60045
5370
5036
7966
16122
5475
7015
7451
13767
6869
5063
6509
5469
28509
6047
5630
5036
6597
34762
9734
8886
20270
9501
8115
7301
34522
9800
9721
19648
5478
5973
7144
5004
12218
14464
7179
10083
6082
5396
6802
38870
5564
5844
11121
5193
38090
10155
6161
5830
7273
5383
20814
67138
5365
5769
9562
5709
12631
5284
8522
10370
11221
5252
6586
6391
5438
20057
8622
6930
13389
6865
9708
5657
5271
11394
7671
7442
7287
9034
6903
15649
16461
7514
16037
5785
10644
10616
8090
10555
12579
5733
26369
27332
11030
16302
14347
12880
5505
5704
16646
10211
7931
6640
7030
5325
6364
5264
5550
6385
7678
5977
11898
19342
24869
5766
8189
10894
37446
12069
5497
11030
58187
5198
6580
15836
6487
5096
43339
6371
5806
7915
5337
11886
5679
5096
10610
5618
5988
15005
14287
5467
19121
6347
10013
6542
9837
6559
7034
6604
5523
14720
7849
10225
6683
6064
10857
5280
9293
31138
6767
5880
5376
5058
9810
6434
10018
7904
5223
6954
17955
8191
6483
24104
5730
5146
10404
7110
6233
6202
22673
6770
8765
21072
7897
8531
5076
10459
8635
5781
35272
7988
5635
5972
5428
8839
5057
5026
9085
7214
8465
5567
9030
30290
20110
17573
33799
5051
28628
6297
9267
6672
7455
5386
15303
77240
7168
13391
7928
5021
12017
11550
5740
18426
5139
6948
8823
6978
11105
21704
6412
5993
12145
5029
14398
10120
20205
8856
40342
6008
6049
8138
12326
6568
5339
5989
8387
17585
10107
8663
8054
18616
25299
19506
23281
7611
9528
12065
7865
5384
21035
11853
6847
5422
27982
5261
13951
10881
6599
15336
7335
55851
5785
6405
19406
19474
6862
8274
7638
6490
9129
17095
7309
5627
11104
6297
5904
6045
5081
33838
24230
7343
7844
15072
6948
8287
8694
9260
5790
23234
6557
12993
20491
8364
8714
16799
7530
9137
5411
6288
6277
23031
5514
19742
5624
27867
8528
5061
9006
10408
7699
14007
21816
6217
5452
7908
5905
5565
10541
14533
9125
6983
6189
6996
22370
7169
5407
6914
6182
7213
5149
7309
8573
6118
25849
6971
5351
12249
12885
12117
5616
25058
7576
6159
5498
6624
5227
11670
6171
5415
10453
5269
8248
12304
5902
21824
8325
12497
12872
15757
6948
20098
5077
13704
5016
8734
7237
5624
8691
5875
12869
6613
56584
5382
7696
15094
5880
8669
6638
6145
5295
27227
87907
10439
17178
7124
5029
5965
6238
5533
8259
6349
6927
9371
9786
8556
5375
16761
6778
11621
7340
5488
5980
6875
7748
5992
5193
7441
5472
35142
63328
42895
16767
9750
7803
27214
6572
5199
6287
7042
7599
5339
5745
8961
40418
11197
11350
6193
6617
6111
6324
5775
13898
7022
5160
7041
14507
7983
10215
8019
5638
6852
5076
7238
17246
6628
8173
10996
9717
6827
7587
5064
7660
35277
6360
8267
7001
20917
18220
8653
9891
7770
7833
12137
7738
5588
5992
7129
7621
5295
6447
5237
5051
10805
11001
14648
12563
10950
14846
6823
5717
5020
7010
6062
9282
6685
13460
9561
9525
6050
13768
11834
41177
5514
9285
10999
10432
6353
5050
5482
9014
5184
9583
5737
5252
5241
7106
11656
5660
7423
5949
16462
6734
7544
6583
16615
5981
6079
8178
7708
7128
5076
20789
23601
9323
5645
17587
7901
7763
5174
29272
9306
6511
7475
10405
5016
16762
9558
5053
13245
24594
10504
8656
7745
9110
6136
26007
5458
5050
6887
21555
10321
11432
19181
6599
5340
6298
13619
58758
33128
14243
15730
5051
5477
5799
13517
6327
6621
6567
8502
10727
7163
6772
8634
6790
5451
40368
10543
8519
6214
5693
6991
5861
17492
7010
16837
5679
5305
10289
18795
17064
6991
6918
29927
8756
15716
6221
5285
8341
5190
5173
13771
17684
8172
27516
9798
5667
5347
8665
6451
5134
8739
12177
6178
14142
5906
18669
6040
8363
5344
5622
5133
5174
5522
6870
6310
42286
7411
7294
8661
7336
7711
5944
5902
8071
9472
5233
9486
6127
18782
9105
7281
8385
5871
5478
5149
26266
10111
27973
10630
7604
9728
34381
18924
5450
15994
6789
5937
43208
7413
5178
18562
5562
8858
26053
14797
7628
5101
6222
10295
6113
9311
11169
7204
8432
25781
28822
9756
14605
15294
21844
7116
10373
12338
11867
7623
6389
11469
7821
10538
6636
7289
9609
5674
28484
5096
12408
5600
5041
6017
45257
5417
11663
9826
8353
12579
15998
9302
8744
12007
7696
5924
6031
27207
10067
23781
96992
5773
5060
12714
6992
5387
6986
6764
32288
5026
5184
8639
11622
14326
10808
6236
48119
6196
12244
10715
8079
11660
6537
6613
6688
6495
6837
35320
12773
5070
6198
14955
5300
9706
7800
6337
5153
5332
15482
5044
8755
10926
29308
11340
14673
12099
5402
5290
5325
8009
5338
17758
6182
11699
10716
5879
26254
10916
6732
5585
11769
9205
5192
6077
6095
11061
10647
12039
6549
13714
5814
7615
6192
21936
9469
7346
7986
5067
7893
15870
13434
5880
5403
15454
9066
6047
5454
5542
6892
31812
9223
6986
6133
12592
6666
8740
7311
7190
11720
6399
6261
5474
6574
5470
10773
5605
11029
5589
5574
9839
13939
6582
7582
9889
5043
8957
7491
5321
5200
6602
6136
7846
7243
5795
5022
11720
28070
5602
9699
5084
8672
5716
5814
9371
6462
10810
8804
12870
8047
14828
6297
16269
9874
5845
5990
10824
28811
6339
11245
16114
6198
15306
11985
6202
7273
10587
9858
5123
7572
42098
8503
11183
8095
13123
11458
6747
11763
6849
13519
24209
17031
5792
9533
9200
11305
11019
5241
15524
6453
19684
8544
7340
5752
9236
5768
12055
6921
9669
5467
5256
7325
6633
8113
5609
48690
6841
6992
5580
325226
35634
6236
6837
8250
9573
14019
7573
11988
12892
11367
7187
10244
31495
9285
6266
9234
5350
5930
12148
14604
9392
6559
7890
7995
12052
9342
6680
7539
6969
30807
5470
7798
5234
9391
6302
5775
12585
11117
7051
7116
9965
8462
15161
8457
8586
5231
6404
5765
8763
7259
6427
7567
11331
12378
11609
95054
8073
7154
9858
7267
7042
5016
7215
7718
6031
8003
7003
7057
5994
5942
13116
15822
7668
6705
5033
8264
25916
6649
11125
8578
14538
5540
5090
16907
5012
8398
13768
11503
17936
6619
5688
5088
6466
7693
9133
17093
5231
5212
12412
23442
10363
10328
6983
9180
10947
11840
8278
9233
11105
9181
14178
7461
10322
13025
12413
7302
8519
7064
5549
16055
9401
5503
6594
8255
11013
7568
8238
9286
6777
6550
6575
9640
5112
9793
14771
6099
9462
14192
7630
6454
6971
5777
9212
12601
6465
15289
6095
42237
5801
7926
11563
5139
6174
11744
11704
11212
5157
7063
9688
5849
24116
6133
7020
28851
5532
6784
7090
6901
16534
10261
5474
5701
12213
11526
6846
5570
8303
6721
38430
5038
13553
9843
5938
8448
39204
8405
11118
7106
5792
8381
7048
5354
6852
13788
8698
5774
18655
5727
10338
5994
5390
17499
10228
9628
6794
20063
5074
8415
8300
6551
59138
5259
25402
5196
17699
5069
25734
6334
8066
5916
19600
5647
5329
7084
13557
6272
5159
14129
8931
5319
11324
5526
8164
6354
5594
5296
8227
6765
5644
11148
20142
12152
6278
7332
9802
5365
10577
6622
12256
7191
5966
8355
6194
6337
5047
18120
5270
13316
5889
5108
10370
6771
10448
5351
13871
5594
8298
11663
11746
14151
25875
7912
10084
6604
12501
10040
7901
7591
5447
6847
8463
5429
6767
5683
12454
8435
5565
8722
8257
6802
13563
6623
7950
12242
9062
5876
5626
8509
27854
5597
6693
5038
19878
8897
10320
7213
9008
5616
9672
5777
8207
5361
11709
5450
9048
9239
7338
7418
9537
7754
5744
6945
10365
24074
6936
8360
11975
6812
13146
8537
13170
5744
6948
6359
16267
5444
5034
10172
15124
5459
5181
5176
7629
6212
6888
9437
15966
5344
9564
6561
6373
5159
8378
6650
6237
5841
6069
7005
5308
5841
13715
8215
5116
8402
6555
5487
5879
7309
7428
13536
7769
12600
6870
19887
6237
5289
5915
6736
5438
10188
7229
6776
5217
11050
5327
16560
5180
5471
7519
8351
6130
6283
5061
5135
5062
27028
6609
5388
5728
6721
5279
18204
7303
12821
5788
12358
5411
6360
30435
5077
5396
5293
6483
62700
31188
8266
6764
6072
6849
9478
7474
8198
5228
5281
5260
5772
5308
9118
6502
9660
14033
114544
5556
6195
5824
8641
7842
8570
8296
11599
14479
8289
9243
7010
11712
8750
5238
8124
9736
8859
14933
5564
16955
12188
7864
7653
86590
7900
5606
5333
6412
15132
6509
5040
6000
8024
5361
18098
9077
20401
7058
5109
5432
5192
6796
14275
8893
10456
6388
6705
9883
15226
16154
5536
7727
29965
30499
5174
6770
6276
5465
9014
7918
5718
7528
8001
14550
5795
5016
6666
15070
32378
5266
9225
6975
15735
10045
7251
9862
48495
12127
10388
5330
6656
12042
13057
6060
9725
5611
9649
11659
10344
5228
6585
34384
5051
24780
5392
5455
12503
25071
5811
5323
6239
7005
5078
8853
6171
5357
11224
6396
13305
8453
5115
15974
11330
5433
5404
8436
12485
7552
7467
13017
11238
14986
5078
5362
54638
10052
5677
6369
5415
5465
18300
5397
5248
7098
6694
20392
12179
8210
10618
7588
14871
6158
7684
7367
10063
10776
5346
10465
10729
7249
55141
31263
5325
10355
5403
9338
5065
6423
6270
5660
8262
6891
6189
33819
8589
7150
12861
6596
7035
6521
29243
9168
5313
28715
64286
7821
7407
5683
5230
7706
8910
7192
5127
5752
9925
6071
10086
8834
6756
14984
6791
5542
7547
16718
7576
27024
8204
11042
15685
7002
17498
6199
13865
7526
14331
24638
5036
12486
5920
6386
9599
13774
6632
7700
5252
16805
6537
6242
9912
7351
8861
6416
8908
7696
19399
8269
27661
16115
5009
9128
7235
5334
7082
5607
10599
6464
5503
5342
6844
6847
6879
13724
10196
5576
5884
5099
5758
16372
8858
5809
14095
6599
20472
6390
13725
10109
12303
6830
9693
6652
5752
17192
10016
20796
7776
5879
13774
5256
21617
9630
7216
6456
5965
9633
15230
27412
8774
5954
9396
10441
11811
9408
5709
14415
8374
5281
6189
6907
14529
10704
7110
6779
5304
6310
5616
57465
7636
14380
6056
13797
5396
11085
10034
6452
7152
5720
5520
6670
7486
6318
8116
5972
5064
23429
7192
7966
7637
14411
14047
5009
64429
5714
15144
11597
9235
7711
16678
8084
6973
7925
5236
8602
5453
7794
6877
13758
7174
5281
13663
15860
6702
11374
8587
7407
7415
8760
9688
12563
5167
7970
11716
13948
5423
10392
5169
14368
11124
7929
9350
11557
8181
15965
6689
5038
5161
9202
19139
9619
18981
5229
6469
7344
11388
11023
12038
6518
5131
10345
7189
5460
9860
8042
7282
5656
6843
6183
5500
8791
12495
5065
5528
35031
6690
5443
6568
6939
7018
18026
10199
15896
17610
6166
24077
11409
7261
11553
5052
7822
11031
5709
41211
5285
7358
21570
7063
7197
6680
5057
23248
5401
6106
23783
13043
8823
6192
9484
5757
5693
11322
5065
5588
13005
9770
5262
6562
5052
8128
6013
7243
6704
8372
6079
12689
7244
5042
5621
5119
6544
9162
8403
14655
9565
10657
8630
9872
5370
10481
7435
7081
5463
5887
5660
6464
6358
11810
8976
6854
5201
10657
5693
9583
5384
5069
7374
9613
7522
33073
17516
14975
17114
14767
6809
6765
7360
12900
5202
6566
5741
5689
5319
6157
5186
9283
9637
24308
5169
5276
11860
9117
11362
8419
17079
8795
11139
23615
12707
6020
5969
39077
8483
11279
9909
5834
7230
10795
7887
5384
5535
5988
11558
5026
8602
6053
10011
10189
19853
6185
6799
18784
8592
8593
5906
7941
6527
12932
5272
10804
5209
5947
5044
7111
25083
8724
7138
6434
5037
8664
12007
10436
9250
7188
5766
10422
29851
8865
8650
5951
6314
5701
14990
5315
15699
10686
8777
5804
19295
5302
13369
19576
10386
8609
11803
6768
7280
20202
6300
8595
5018
6400
7631
6658
6839
9064
5976
13759
6101
7072
6365
5622
7337
8575
7079
5752
14043
5332
6310
5035
24724
35387
39867
91247
7196
16906
15812
9538
8886
6172
5514
5162
35668
5568
6788
5430
15312
6203
10365
6807
5575
5496
6179
6545
5398
11864
5043
17244
6553
5544
6840
5363
5404
5556
19263
5409
7266
6835
5826
7115
7895
6885
15471
7357
7525
13348
38043
20838
7637
12389
33737
6017
5138
16601
5268
5816
6246
18352
7999
9585
12689
16290
7093
5189
5012
5235
6475
9105
7861
5317
5060
8188
5204
5645
5150
7835
7196
5278
6961
8548
6505
37654
13983
11162
13361
19651
5211
15781
13284
5923
7250
5697
6034
5769
7168
6108
15719
13179
9106
10644
16745
25684
7911
5111
24568
7816
13214
5258
7267
6154
5833
9085
10020
18286
8694
13411
5314
7038
5020
8077
5171
9963
5404
7243
10186
5561
11363
5535
9451
22638
6926
17438
6144
6754
13443
5553
6383
5273
5838
7815
8282
7671
15604
7156
7785
6757
7540
5367
5788
10131
7973
9969
5388
9848
38823
24012
8224
7977
5009
8505
15391
5739
28108
6005
5245
10509
21945
7967
6211
9202
11529
10387
14879
12935
6116
6251
20470
12258
5533
17617
6112
11543
7406
16969
5733
6531
6448
8101
6117
7763
7862
7160
5308
25269
5674
21426
24782
6938
8444
5097
15813
6858
7553
6306
7885
8121
5807
17661
6340
8551
5301
5249
8240
6132
9217
7112
5486
11556
5977
5438
14700
5980
12182
6664
11412
8462
5786
18047
7985
9475
11892
20987
7465
8849
7901
11936
5096
5951
7470
13416
54586
5178
9525
7231
7718
9959
6624
15369
5340
5904
7611
5891
8829
13168
7057
5545
13932
9884
5091
6527
6905
5588
5370
6623
7888
10718
7022
11461
5606
8722
5529
8261
5856
5550
5801
6626
14400
5266
5172
8022
21210
6416
16692
32335
7506
21410
28248
14334
7809
20947
13733
7715
10795
23463
11367
17062
5382
6626
5674
5519
8483
8704
5635
6338
5591
10543
10901
6966
18600
12548
13858
6685
6463
5366
13050
8080
8837
14567
9172
6742
5120
7973
6297
60038
18458
5600
13105
6569
5064
5059
5595
5773
7472
8592
13230
9673
6526
5660
5030
7860
15160
5990
5593
5412
6142
15144
9789
6796
5447
9467
5849
9173
5408
6402
11163
9786
7861
5173
5090
12549
10163
5403
10291
7187
5406
10719
17910
6294
5208
5115
8303
5207
6008
10371
16404
8497
7815
8031
5128
17499
17834
8944
10995
6108
5088
8246
8459
7499
8543
6409
14691
39728
7286
6795
5010
21173
5338
8505
11076
8598
5941
12271
8151
54107
27134
8127
19120
5745
6926
5262
9756
5756
7185
11656
6002
8255
10167
6080
9034
9663
6105
6130
7788
8568
11662
10478
5680
12798
7122
14383
5180
22792
11297
10428
9987
6702
7233
5266
9327
6328
6173
5585
5916
22168
11554
9945
8449
6116
10383
7584
5138
5152
5149
6147
26744
12978
6166
8924
9972
5710
13285
10436
11626
35142
8913
9192
5642
17683
6169
5079
12624
5645
8120
7335
6855
8003
8156
5389
9224
5632
6124
22489
8305
10377
5781
12846
11572
5016
15425
12947
9129
6069
16988
6089
7159
5063
5808
22966
11542
6140
6497
9900
9044
6489
8138
8530
9641
8782
6883
32333
9023
5734
10111
11466
6244
5669
7828
9312
8547
6597
6519
14052
5769
8470
6908
10816
6866
7307
8947
8595
16995
8475
6993
5215
19137
10622
6448
7939
8057
5110
7521
9046
6077
15059
5151
5119
5414
14420
22168
6112
11992
9142
6778
6790
6617
6182
11918
18397
21167
5642
7029
10132
36534
8539
11851
7739
5030
11056
9751
5321
5329
7246
8049
10353
6269
15334
7404
21180
5968
7453
10199
6252
8255
8720
14453
5261
6022
10507
16687
8115
6723
7113
6816
10968
8196
5879
6280
8606
6468
7242
15096
10132
6332
5823
5313
